6 75 0
9494 77
30333 11
31921 25
5458 94
6299 84
15217 40
27315 24
12875 19
5526 72
11276 92
11365 68
8572 7
8136 85
18211 28
31794 60
23985 31
23911 90
24989 44
15164 96
24075 26
29598 3
26355 49
13782 86
32384 10
13067 15
27062 48
14345 52
14424 56
5185 47
1033 76
29200 4
10929 31
1092 33
2082 80
11484 30
29436 1
271 34
205 66
20112 1
21885 91
1553 12
490 86
12038 50
13775 44
18603 37
18666 5
15432 68
24414 81
17587 50
11606 38
28439 39
7659 52
6389 97
24904 20
3944 70
9739 77
13229 83
495 66
18658 8
19880 63
20238 67
30735 94
3938 34
5247 41
15807 69
10367 15
21368 35
31905 31
1880 59
29866 11
1767 23
13042 8
21737 96
2830 53
28968 5
