83 73 49
29198 96
27791 33
2858 11
14259 17
14085 53
942 86
4950 46
1030 88
22776 19
27291 50
3044 10
14134 83
26461 91
9573 76
23146 30
11399 54
10377 34
17955 77
674 49
28286 80
11322 85
4972 67
233 59
25958 31
28174 53
16093 74
13505 73
5582 31
2057 68
11159 22
23375 25
28425 38
29971 50
17598 14
6622 31
10668 79
25464 13
25595 40
6234 13
13844 75
5990 22
18427 79
11222 16
15070 13
23923 98
6894 68
4359 61
9069 24
3348 53
2312 89
14022 53
15976 71
6951 66
26372 45
6290 89
27705 40
15466 42
26780 61
10507 31
23951 30
6145 96
26386 17
19577 62
25052 17
2548 59
14251 77
25411 99
17880 34
30127 16
4654 16
25720 23
16892 84
10369 24
0 24 4 12093
1 38 67 9284
1 44 68 31578
1 18 44 25152
1 25 61 20472
1 54 71 3367
1 43 25 7102
1 41 60 16857
0 18 45 15336
1 38 30 23052
1 1 7 3268
1 65 72 31382
0 41 17 25973
1 23 71 19335
1 33 10 2302
0 12 29 28197
1 59 2 23284
0 61 40 14561
0 36 7 18168
0 68 16 27694
0 62 72 1011
1 42 17 22790
0 44 38 17037
1 12 35 5989
1 47 7 27575
0 3 54 19660
1 5 12 28450
1 14 52 703
1 42 18 8645
1 45 55 1424
0 62 27 29218
1 64 50 10069
1 29 62 14714
1 69 68 2971
1 24 39 3424
0 62 68 4147
1 37 3 30627
0 73 25 18694
0 58 10 24163
0 23 69 16527
1 28 44 27797
1 45 47 2139
1 43 68 19075
1 36 49 30271
1 20 36 25108
1 65 52 19603
0 23 24 8482
1 38 2 23981
1 66 64 25901
