51 86 70
29252 11
29320 83
18785 66
13720 62
28992 86
21542 50
19143 84
19958 58
10381 68
999 38
14583 65
4912 89
23457 28
30186 12
26111 90
3279 79
6980 89
30273 98
23426 59
22158 83
19987 8
30066 79
2873 29
21725 5
2305 45
9463 62
20333 57
14689 65
14289 90
25534 99
15230 5
22387 87
5534 59
31402 82
15455 98
18589 21
30036 76
10513 49
2328 9
24864 16
23092 2
316 46
25410 36
29809 47
24659 42
5354 15
10127 27
27063 34
29979 88
29134 21
11840 41
8271 32
24521 25
28172 66
31660 27
9288 46
6637 70
17599 35
16576 16
13031 38
30702 31
630 38
11129 96
3876 36
8579 100
16818 16
1900 48
9771 40
23099 48
14186 44
11839 60
988 78
6646 1
3975 19
18477 13
5963 77
30057 61
6504 58
23686 91
18241 81
22174 13
17504 20
12844 60
22201 34
1393 28
27699 53
0 29 50 20266
0 20 8 16876
1 32 56 10206
0 73 86 12085
1 3 12 22618
0 41 81 23263
1 43 20 22200
0 62 77 9640
0 15 5 24825
0 37 11 28528
0 54 65 12160
1 29 45 4542
1 35 32 14229
1 62 27 27195
1 14 7 32227
0 28 57 30005
0 56 40 30971
0 19 43 30749
1 21 68 975
1 6 52 15369
1 8 62 24631
0 13 45 22579
0 78 64 18800
1 79 77 3192
0 35 11 5784
0 21 62 11225
1 24 61 27955
1 21 76 5886
1 77 81 937
0 69 53 18094
0 50 86 29637
1 53 33 26201
0 46 16 7480
0 82 43 32398
1 27 13 6164
0 82 25 12165
0 9 43 14162
1 55 4 31638
1 35 38 6988
0 44 19 8640
1 37 48 21571
0 69 77 2083
0 21 6 5502
1 10 26 13911
1 64 7 14249
0 37 18 31629
1 38 62 3231
0 68 61 11171
0 76 85 24687
0 18 34 4613
1 32 63 27135
0 67 61 1840
0 63 12 17288
1 64 66 4408
1 11 7 9423
1 62 72 23087
0 28 51 3177
0 61 22 5811
0 68 54 30901
1 77 23 14812
1 45 1 17408
1 42 34 340
0 75 41 23489
0 69 55 26854
1 76 5 16939
0 21 83 26703
0 9 58 12261
0 34 2 13905
1 3 31 10718
1 61 80 30048
