14 30 25
4353 77
10820 3
12610 70
19320 78
23411 75
4707 34
22367 57
31165 22
3878 50
9040 75
20101 24
12637 33
1879 68
20283 63
16220 59
11585 82
2874 72
29670 29
15041 33
29223 94
6771 55
2857 56
28228 58
10016 42
2462 22
11119 95
10408 58
15889 78
28360 19
22583 99
0 8 12 24052
0 2 8 24107
0 20 19 30103
0 3 11 9557
1 20 23 15132
1 28 3 17530
0 23 2 18272
0 11 2 25569
0 21 26 17207
1 30 16 30727
0 12 17 13286
0 15 17 30235
1 8 7 6054
1 12 24 8483
1 2 5 3101
0 4 23 26934
1 11 27 27699
1 5 13 22463
1 30 7 2319
0 13 26 12166
0 22 21 15053
1 15 18 22247
0 6 5 30684
0 8 14 7430
0 7 10 73
