89 71 0
5289 100
31010 4
14001 46
27386 43
7267 81
32082 30
12845 25
30874 93
16792 74
7515 47
3861 43
20507 45
1274 91
15489 62
4040 93
13241 60
4015 60
18970 58
852 59
30726 66
20433 1
16914 97
18941 90
11367 97
25839 31
32105 78
10685 13
5014 77
23689 78
21168 4
29375 29
27678 46
16024 37
1680 85
29667 14
2274 49
27140 8
3139 13
16189 17
14742 43
16684 51
5656 40
16021 41
835 44
9826 40
30195 55
6120 37
10440 65
18540 49
19915 92
25062 49
852 51
16132 63
4139 17
10354 25
10989 42
30553 57
20657 37
16678 92
28396 3
28812 59
25746 11
28620 86
7806 38
18484 27
21268 53
23269 27
8485 88
5850 7
5650 94
20518 70
