65 99 0
11635 28
1984 100
21479 17
14046 95
621 66
25830 14
24452 94
230 17
3137 42
15163 50
30611 25
4858 13
30412 3
21135 87
18269 49
16292 53
24033 66
581 87
9822 33
1857 17
6599 1
25043 80
19653 61
28801 10
23478 9
18757 86
22519 8
12523 48
6750 69
8634 15
7947 15
9558 60
20065 36
1509 22
22351 57
6769 42
32468 46
12941 97
2242 74
25916 71
7618 44
18190 43
21144 33
19340 20
13480 76
21974 94
32697 81
15499 74
24826 78
17641 49
27458 39
22838 24
8348 26
32350 88
13571 10
19677 16
28266 43
28895 16
17920 26
30118 34
11953 89
24621 83
9456 18
23819 71
27572 17
1433 90
6848 54
87 44
25128 11
140 53
10001 10
26925 84
23992 23
5888 13
17590 17
5633 13
25986 89
17925 19
32311 98
12957 88
14487 87
8765 98
21072 46
8350 73
6783 91
2144 66
26739 8
20468 76
28595 42
7609 11
5442 64
26469 42
10785 34
8359 46
12054 61
15627 85
1452 77
2333 76
12923 23
