100 100
69 72
67 69
10 69
94 10
58 72
70 94
85 67
95 72
38 10
3 95
87 72
82 10
91 38
54 69
29 91
43 72
42 43
61 10
74 67
31 94
40 54
79 61
34 87
57 29
51 54
13 61
46 85
78 72
55 95
36 43
39 87
98 69
33 82
44 43
15 61
59 42
48 43
60 82
47 31
63 43
100 82
93 29
24 85
32 36
80 85
4 59
62 57
22 47
83 51
20 85
41 43
28 43
49 22
64 42
84 80
92 48
26 46
96 51
1 51
9 36
65 10
81 78
25 98
2 72
6 38
50 95
30 63
18 79
21 57
14 29
90 48
35 22
37 60
17 3
89 93
19 54
71 38
7 29
99 15
11 72
12 92
52 21
23 32
45 72
75 34
66 30
97 99
86 92
77 51
16 38
53 31
68 30
27 89
5 28
88 43
56 79
8 66
76 30
73 79
2 78
1 6
1 38
1 10
1 65
1 62
2 56
2 53
1 51
2 76
2 10
2 45
2 68
2 78
1 54
1 19
1 8
1 2
2 79
1 18
1 52
1 21
1 57
1 62
2 90
2 71
1 65
2 91
2 86
2 78
1 10
2 32
2 31
1 5
1 28
1 43
1 36
1 100
2 66
1 82
1 10
2 75
1 5
2 38
2 96
2 32
2 10
1 28
2 88
2 30
2 60
1 15
1 61
1 1
2 36
2 67
2 9
1 3
2 81
1 59
1 42
1 98
1 69
2 30
1 87
2 3
2 2
1 39
2 17
2 68
1 96
1 8
1 19
2 2
1 54
2 44
2 74
2 23
2 94
1 69
1 10
1 65
1 62
2 46
1 51
1 54
1 40
1 4
1 59
2 26
1 89
2 77
2 94
1 93
2 1
1 94
2 45
2 97
2 10
1 70
