100 80
52 75
95 52
87 75
6 87
85 75
41 6
77 52
39 85
9 87
31 87
59 41
32 41
58 75
96 39
78 85
20 6
5 6
3 59
91 5
56 78
38 31
13 58
100 9
61 38
22 59
86 9
26 95
10 78
27 78
54 41
44 61
42 95
18 52
66 41
72 77
11 72
48 54
36 100
2 18
60 44
29 31
73 59
70 6
49 13
97 75
1 61
98 42
15 36
24 22
64 86
51 60
94 66
84 60
8 96
53 85
71 91
17 66
7 52
88 27
23 72
47 91
45 53
55 11
63 61
74 24
40 73
46 10
34 87
43 97
57 3
50 73
12 73
62 51
37 34
21 3
35 21
92 85
79 2
16 49
68 40
80 91
67 31
69 87
90 22
99 86
25 57
89 59
83 25
28 15
4 40
82 55
93 94
33 46
81 24
19 8
14 58
65 62
30 81
76 38
2 20
1 3
1 59
1 73
1 12
2 24
2 63
2 89
2 27
2 99
2 99
2 28
2 18
2 59
2 57
2 17
2 78
2 28
2 22
2 77
2 45
2 77
2 65
2 44
2 20
2 95
2 27
2 26
2 72
2 47
2 78
2 8
2 64
2 79
2 90
2 77
2 86
2 34
2 46
2 39
2 17
2 39
2 21
2 74
2 4
2 22
2 10
2 44
2 46
2 87
2 59
2 75
2 13
2 90
2 59
2 53
2 75
2 1
2 36
2 100
2 20
2 16
2 34
2 96
2 5
2 4
2 30
2 75
2 98
2 72
2 12
2 80
2 25
2 11
2 81
2 80
2 65
2 22
2 86
2 12
