1000 1000
480 739
777 480
873 739
820 873
176 873
228 873
992 739
373 992
269 373
569 992
591 873
339 820
593 228
810 820
471 992
638 777
568 569
793 373
807 793
745 777
167 176
101 745
809 793
455 992
253 373
69 745
125 101
313 820
357 313
7 455
703 480
437 807
702 793
120 703
572 373
713 339
41 572
669 703
872 777
851 669
888 471
894 471
678 777
488 593
251 703
139 745
797 251
85 167
503 809
838 480
498 357
578 139
409 313
697 713
662 578
599 85
255 809
187 69
429 120
979 269
849 638
138 739
308 838
512 251
191 809
808 120
447 125
414 255
773 373
534 569
487 807
653 498
332 773
323 332
489 409
106 849
343 807
473 471
28 894
365 638
325 488
280 512
303 809
856 810
647 191
237 599
103 323
430 489
307 488
400 365
637 599
661 593
200 702
933 703
904 894
990 793
667 253
852 365
941 979
408 487
345 667
730 7
219 739
35 7
212 414
630 647
692 430
329 904
436 69
213 473
317 313
551 69
442 41
268 317
555 702
974 498
415 809
407 551
847 455
900 487
501 810
691 455
675 437
613 28
247 400
34 487
598 430
18 489
519 637
747 669
632 139
15 176
683 847
5 739
283 979
863 5
462 283
505 269
418 18
398 872
668 856
942 904
242 307
786 979
165 691
575 942
742 471
281 343
39 398
170 480
724 357
769 176
791 106
685 120
893 849
923 281
156 637
547 797
616 990
331 990
161 281
197 979
366 429
192 745
231 791
244 974
351 280
190 572
371 366
42 941
782 487
201 547
513 675
306 702
458 34
956 513
113 268
800 242
875 269
257 992
444 769
391 616
312 572
544 849
908 956
906 849
981 106
423 820
29 391
267 255
536 42
564 430
40 101
356 407
20 683
224 678
774 593
698 501
610 692
864 598
916 187
202 498
506 339
650 488
347 212
67 808
333 325
403 730
527 347
72 331
182 747
531 247
867 713
717 742
482 237
241 730
832 366
597 598
109 219
290 391
102 777
17 569
226 400
31 661
30 398
600 852
26 201
265 20
126 170
652 547
238 593
262 317
324 820
511 923
148 339
897 39
711 458
51 769
119 820
341 547
236 139
909 156
195 691
764 126
659 213
984 242
153 793
235 864
284 30
878 809
604 797
334 7
359 436
485 683
440 906
475 807
150 324
285 331
870 669
714 544
806 923
204 702
618 498
925 534
826 572
75 739
464 703
514 604
57 808
549 345
687 236
465 306
539 187
63 306
748 531
448 365
608 549
433 638
484 692
198 867
211 485
364 290
50 102
541 236
73 764
918 465
546 34
318 228
844 312
839 593
574 485
621 826
927 408
301 85
579 343
299 569
272 791
114 908
796 238
776 255
21 692
410 471
694 513
25 933
658 870
938 826
100 820
643 593
983 698
811 269
358 471
550 268
48 343
294 653
813 224
158 308
1000 550
836 888
12 800
196 613
623 956
701 796
828 150
13 75
970 219
995 637
561 647
594 941
760 662
642 546
229 120
595 844
497 572
982 198
406 643
386 983
993 549
821 791
141 267
890 120
132 844
426 197
753 643
525 268
469 852
986 981
360 894
585 992
953 391
383 711
718 437
338 17
644 331
517 39
273 267
690 437
749 224
164 262
397 101
286 42
183 442
346 228
233 598
146 616
310 618
108 341
689 281
892 613
822 974
734 35
149 329
130 873
709 938
617 697
401 138
582 356
563 176
968 644
911 872
256 982
172 956
526 709
289 415
862 742
603 273
980 146
363 30
557 703
179 579
535 241
858 709
441 992
52 938
962 911
646 942
868 172
344 800
95 703
399 41
729 962
946 294
576 280
434 862
715 251
435 455
605 773
449 156
636 749
706 5
905 346
611 286
84 334
375 659
314 970
90 525
891 557
136 810
163 984
518 868
673 120
590 702
263 748
393 85
940 539
781 1000
671 41
65 572
254 318
850 826
234 139
185 646
24 940
249 386
260 345
943 807
450 235
609 647
899 683
567 408
586 844
649 480
744 658
834 536
246 713
392 101
761 642
11 125
723 832
112 904
296 471
93 906
171 120
612 776
454 498
725 873
757 702
663 653
566 163
424 590
111 992
94 237
55 30
676 436
674 21
305 872
520 12
492 41
931 992
199 662
645 332
789 850
23 454
250 303
855 106
752 487
60 72
33 448
920 331
117 789
416 501
759 905
528 593
82 256
902 536
978 406
602 663
282 773
570 228
951 75
896 791
266 904
97 103
795 890
443 308
842 433
421 821
264 698
751 34
206 197
271 572
684 341
337 506
932 406
881 433
803 638
728 870
315 299
665 50
404 992
913 498
184 842
77 347
601 170
8 956
798 229
205 262
848 576
824 875
562 100
785 332
36 231
89 31
664 407
220 366
259 231
240 870
432 562
330 546
481 591
445 550
589 723
716 351
841 709
274 315
629 599
367 485
64 373
509 984
468 324
135 632
737 572
958 774
275 82
775 158
419 301
765 176
619 786
895 983
316 536
924 566
54 289
207 765
704 649
554 632
670 498
975 593
279 138
214 748
384 715
178 981
3 421
144 60
959 480
83 15
116 163
53 247
516 562
857 864
476 310
43 259
545 279
209 983
342 167
720 642
627 244
382 797
985 82
679 595
104 725
368 807
750 982
542 183
291 716
96 441
879 149
221 286
876 848
607 30
577 231
456 668
705 630
532 547
635 863
947 386
660 984
154 419
169 375
350 567
771 675
708 398
802 720
428 228
168 357
543 645
533 789
160 549
682 18
110 443
960 274
302 382
261 375
580 602
963 667
245 691
336 834
677 266
4 264
477 94
193 797
949 582
743 55
768 995
886 273
740 268
451 811
901 116
710 40
188 692
459 150
80 653
453 715
738 909
159 103
680 125
309 593
298 52
32 257
726 342
859 40
143 382
128 610
912 563
381 164
560 404
969 839
666 728
402 601
628 613
788 48
948 445
502 673
98 617
239 163
121 262
783 329
955 290
957 904
355 577
56 664
496 221
321 214
967 956
622 554
762 708
954 547
727 130
700 84
19 282
695 995
225 674
846 532
987 310
131 675
425 67
865 421
374 169
180 933
328 253
972 960
352 664
335 50
633 913
548 249
926 878
565 185
884 650
819 12
380 402
248 296
989 424
361 113
556 774
971 305
537 734
741 926
46 332
681 554
300 251
390 198
47 111
571 83
243 415
915 870
452 836
71 489
736 867
853 373
596 566
965 608
186 596
378 900
712 397
137 561
950 195
973 279
461 150
467 608
107 909
118 881
521 760
693 723
431 981
45 915
348 757
258 555
194 101
79 547
478 489
295 788
861 79
945 433
494 117
479 958
276 131
493 455
472 50
140 821
825 400
780 8
210 458
553 741
379 574
389 331
1 601
510 452
770 190
49 791
293 302
767 415
784 946
166 384
625 202
614 330
58 331
92 202
854 695
353 972
62 93
124 625
529 809
530 452
631 330
656 435
827 192
699 821
977 451
491 51
483 193
278 226
583 188
122 179
387 430
735 807
27 477
326 941
772 862
815 521
152 209
311 562
287 428
696 429
778 834
882 384
620 149
396 442
939 701
422 246
722 231
929 950
157 519
988 350
232 595
964 257
733 398
420 368
626 467
508 139
961 481
587 510
883 449
507 82
835 681
937 136
935 410
99 579
217 39
304 696
812 126
417 131
208 853
230 159
9 844
134 118
466 433
319 342
354 111
588 609
10 334
215 94
78 491
377 42
818 653
779 970
227 163
203 561
438 102
831 243
6 842
427 819
37 699
385 609
155 824
2 427
672 723
688 601
68 132
976 403
934 329
14 715
147 851
115 598
804 381
388 563
581 426
814 206
651 300
997 475
830 607
44 215
463 549
837 986
840 167
177 803
66 473
540 863
411 92
584 179
524 424
395 224
123 134
490 177
91 768
721 528
292 136
288 325
952 733
755 424
486 974
133 591
270 789
372 401
930 46
174 975
369 652
917 678
87 735
845 264
654 494
877 645
880 543
816 720
558 179
758 625
412 304
162 863
921 652
362 167
792 668
573 437
38 560
936 397
474 529
88 594
81 429
766 775
218 403
763 260
634 867
615 909
175 241
799 689
413 69
843 184
641 17
606 115
794 188
754 55
327 168
86 411
655 400
829 178
173 807
61 482
495 969
297 121
16 855
76 411
994 955
903 172
944 830
817 886
499 398
719 771
277 440
129 324
70 318
322 410
515 906
919 810
523 881
707 643
127 625
999 543
823 472
457 739
559 250
996 930
405 373
151 411
871 98
370 512
910 12
991 155
869 75
446 558
181 72
624 976
538 202
522 303
885 297
500 571
746 132
790 31
898 672
889 429
914 412
922 244
376 235
59 210
470 378
640 512
145 7
966 960
928 140
504 523
320 754
252 545
657 793
756 245
887 400
801 558
731 215
222 293
223 509
833 979
74 708
732 714
394 731
552 983
189 747
22 595
907 982
105 116
340 97
648 91
460 885
592 522
639 540
349 561
866 945
805 795
787 480
998 308
216 152
439 689
686 861
860 476
142 604
874 937
1 553
2 145
2 735
2 413
1 865
2 963
2 186
2 330
1 323
1 390
1 198
1 637
1 946
2 37
1 294
1 303
2 758
2 615
1 522
2 533
2 499
2 917
1 876
1 467
2 873
2 667
2 895
1 608
1 549
1 463
2 755
1 137
2 936
2 634
1 917
2 531
2 458
2 834
1 242
1 307
1 505
1 883
2 150
2 643
1 5
1 91
1 768
1 464
2 175
1 703
2 68
2 501
1 669
1 228
1 593
1 528
2 54
2 146
2 282
1 721
2 121
2 376
1 563
1 912
2 650
2 460
1 727
1 777
1 638
1 634
1 867
2 853
2 774
2 83
2 385
1 744
2 827
1 658
1 870
1 915
1 832
2 168
1 893
1 849
1 106
1 822
2 2
1 947
2 332
2 314
2 619
2 952
1 579
2 397
2 666
1 179
2 805
1 656
2 56
1 479
1 958
2 522
2 111
2 483
1 774
1 876
2 177
2 183
1 277
2 697
2 820
2 110
2 545
1 208
2 388
1 853
1 898
1 672
2 468
2 525
1 539
2 511
2 983
1 940
2 346
2 438
2 522
1 512
2 190
1 370
1 114
1 908
1 706
2 346
2 319
2 759
1 907
1 468
2 698
1 117
1 316
2 394
1 957
2 581
1 904
2 295
2 473
1 894
2 779
2 202
1 360
1 65
2 516
1 143
1 382
2 116
2 372
2 610
2 841
1 302
2 186
1 604
1 108
2 101
2 829
1 327
1 168
2 748
1 357
2 381
2 223
1 498
2 399
2 550
1 670
2 961
2 596
2 915
2 610
2 28
2 691
2 539
2 754
2 647
2 492
2 342
1 253
1 667
1 935
1 410
2 470
1 877
1 507
1 82
2 924
2 689
2 553
2 835
1 985
1 774
2 636
2 170
2 30
2 853
1 195
1 950
1 270
2 507
1 624
1 954
1 547
1 797
1 604
1 302
1 845
1 264
1 913
1 633
1 943
2 155
1 807
2 985
2 37
2 884
1 173
2 181
1 429
1 889
2 659
1 326
1 772
2 863
2 63
2 522
2 361
2 772
2 199
1 277
1 37
1 875
2 1000
2 907
1 824
1 10
1 94
1 66
2 305
2 194
1 8
2 255
2 406
2 753
1 2
1 5
2 435
2 858
1 28
1 894
1 625
1 127
1 884
1 462
1 243
1 415
1 605
1 927
1 493
2 174
1 455
2 283
2 739
2 488
1 7
1 3
1 59
1 749
1 636
2 782
2 994
2 407
2 718
1 908
1 748
2 421
2 792
2 103
1 978
1 406
1 855
2 280
1 674
1 371
1 366
1 429
2 8
2 260
2 920
2 767
2 903
1 120
2 996
1 229
2 477
1 39
2 499
1 897
2 275
2 270
1 549
2 297
1 345
2 303
1 260
2 500
2 860
1 763
1 899
1 683
2 804
1 20
1 265
1 859
1 40
1 4
2 885
1 59
2 321
2 179
1 42
2 971
2 376
1 803
2 464
2 860
1 638
2 673
1 777
1 727
1 912
1 563
2 447
1 176
1 873
1 591
1 176
2 948
2 955
1 364
2 154
2 443
1 290
2 454
1 391
1 953
1 62
2 569
2 624
2 185
2 227
1 51
2 659
2 373
1 1
1 61
2 227
1 482
1 237
1 570
1 216
1 152
2 466
2 903
2 891
2 297
1 741
1 553
1 1
2 59
1 3
2 710
1 59
2 446
2 23
1 4
2 588
1 264
1 913
1 633
1 943
2 612
1 807
1 173
2 586
2 556
1 483
1 948
2 897
2 314
1 759
2 796
1 905
1 346
1 228
1 873
2 991
2 38
2 640
1 176
1 132
1 68
1 40
2 729
1 54
1 48
2 387
2 488
2 506
1 788
2 967
2 575
2 619
1 882
2 589
2 553
1 831
2 440
2 730
2 852
2 789
2 52
2 397
2 704
2 357
2 77
1 243
2 787
1 462
1 207
2 835
1 765
1 347
2 732
1 561
1 349
2 255
2 271
1 50
2 545
2 382
1 472
2 619
2 979
1 210
2 855
1 951
2 329
1 75
2 607
2 938
1 739
2 362
2 984
1 457
1 289
1 54
1 628
2 523
2 747
2 906
2 96
1 941
1 326
2 370
2 263
1 889
2 333
1 429
1 81
1 24
2 730
2 875
1 940
2 310
1 539
2 667
1 187
1 916
2 886
1 851
2 612
1 669
2 696
2 171
2 973
2 200
1 694
2 770
2 52
2 715
2 483
1 49
1 16
2 691
1 38
1 71
1 91
2 51
1 48
2 987
2 879
2 910
2 450
1 788
1 882
1 246
2 95
2 664
1 263
2 615
2 676
1 748
2 920
2 874
2 761
2 404
1 908
2 446
2 437
1 636
1 749
2 993
2 814
2 798
1 59
1 41
1 32
2 463
2 251
1 372
1 401
2 548
1 433
2 571
2 161
2 310
1 466
1 560
2 399
2 220
1 772
2 432
1 277
2 547
2 594
1 281
2 505
1 923
1 7
1 52
2 872
2 308
2 254
2 843
1 18
2 259
1 2
2 258
2 622
2 932
1 5
2 311
2 377
1 883
2 71
1 449
1 269
2 112
2 284
2 58
2 52
2 723
2 862
2 195
1 373
2 960
1 405
2 316
2 113
1 258
1 555
1 191
2 806
2 914
2 260
1 647
1 609
2 976
1 588
1 292
1 136
1 79
1 61
1 15
1 981
1 178
1 740
2 90
1 268
1 113
2 788
2 827
2 386
2 629
2 497
1 361
1 504
1 523
1 881
2 863
2 308
2 777
2 170
1 639
1 540
1 129
2 517
2 135
1 698
2 753
1 376
2 448
1 267
1 141
2 759
2 790
1 123
1 134
2 181
1 118
2 670
1 881
1 523
1 771
2 803
1 675
1 437
1 709
1 67
2 731
2 19
1 808
1 756
2 498
2 188
1 542
1 183
1 442
2 403
2 476
2 123
2 460
2 189
2 45
2 695
2 837
2 981
1 41
2 544
2 295
2 833
1 6
1 5
1 2
2 295
2 802
1 8
1 956
2 17
2 26
1 513
2 667
2 996
1 270
1 624
1 954
1 575
2 136
2 797
2 296
1 942
1 904
2 538
2 575
2 952
2 895
1 112
1 255
2 73
2 341
2 924
2 249
2 154
2 378
2 682
2 22
2 324
1 776
2 689
2 638
2 850
1 612
2 955
1 190
2 129
2 244
2 106
2 616
1 407
1 664
1 56
2 923
2 843
1 79
1 136
1 674
1 468
2 147
1 324
1 40
1 101
2 773
2 573
1 194
2 434
2 603
2 470
1 917
1 678
2 24
1 267
1 937
1 136
1 674
1 855
2 119
2 257
1 406
1 932
1 373
1 793
1 309
2 544
2 578
1 593
2 657
1 661
2 531
1 31
1 47
1 611
1 286
2 115
2 869
1 42
1 377
2 753
2 208
2 353
1 511
1 57
1 3
2 387
1 7
2 245
1 35
2 503
2 864
1 936
2 691
1 384
1 934
2 995
1 329
2 302
1 233
1 598
2 565
1 597
1 467
1 876
2 976
1 774
2 233
2 857
2 425
1 556
2 586
1 663
1 653
2 683
2 597
2 670
2 468
1 294
1 303
2 935
1 143
2 587
2 50
2 375
2 771
1 809
2 996
2 562
1 529
1 253
1 667
1 935
1 410
2 728
1 877
1 645
2 390
1 956
2 128
1 967
2 131
1 325
2 826
1 488
2 282
2 391
1 650
1 138
2 151
1 480
2 422
2 61
2 772
1 739
2 122
2 508
2 726
2 510
2 604
1 457
1 36
1 231
1 577
2 121
2 186
1 355
2 992
2 757
1 423
1 820
1 100
1 36
2 594
1 43
2 356
2 464
1 63
2 60
2 264
2 839
1 30
2 697
1 939
2 212
2 279
2 254
1 701
2 133
2 236
2 880
2 213
2 4
1 796
2 42
1 238
1 394
1 731
2 881
1 96
1 39
2 880
1 85
1 78
2 419
1 10
2 424
2 391
2 961
2 231
1 5
2 808
2 961
2 424
1 883
2 418
1 505
1 373
1 793
1 153
1 341
1 547
1 652
2 85
1 835
2 421
1 681
2 372
1 554
1 632
1 202
2 356
2 561
2 977
2 734
1 625
1 734
1 336
2 971
1 136
2 843
1 937
2 342
2 644
2 280
1 874
1 502
1 455
1 493
2 861
2 153
1 927
1 605
2 805
1 773
2 327
1 373
2 25
1 253
2 567
2 196
2 889
1 667
2 782
1 345
2 27
1 260
1 984
2 285
1 660
1 277
1 208
2 471
1 853
2 263
2 324
1 802
2 11
2 56
2 97
2 337
1 659
1 213
1 473
1 471
2 979
1 894
2 422
2 74
1 904
2 339
2 390
2 104
1 329
2 747
2 25
1 233
2 730
2 283
2 361
2 748
2 202
2 285
1 598
2 682
2 346
2 185
2 986
2 43
2 689
2 996
1 885
2 746
2 989
1 297
