1000 100 100
28858 36
687980 93
737895 83
578406 93
389992 10
881075 40
969652 52
543932 76
967081 82
209314 47
173724 60
412985 37
653038 17
235005 34
324589 24
417746 48
931445 19
68806 73
657550 76
325159 63
870611 90
182798 34
988461 10
299413 36
607991 57
136413 4
922895 83
65555 71
446442 37
580751 22
466954 98
673493 77
61727 84
671733 3
769438 95
434495 52
316513 71
979998 96
313968 25
714178 31
420488 73
117892 89
678836 9
514583 8
203227 60
52384 40
623187 66
377528 89
223463 54
339796 9
212755 94
156685 39
35997 35
325030 63
791268 94
754296 69
199378 89
222533 61
939260 78
566619 4
185875 27
980971 45
583233 91
91459 35
157335 32
842906 82
507937 39
281323 21
703863 89
335589 18
55538 88
976609 50
68832 41
365238 64
583662 99
657266 1
107245 17
492679 7
242766 1
961538 81
837512 49
448284 54
117100 64
85336 96
305730 78
561976 20
456866 93
174125 86
750194 45
126054 57
374678 51
621143 89
218433 74
100735 63
762439 67
349144 5
675265 42
630463 50
645478 41
772608 33
3 26 57374
97 3 94542
86 97 56883
62 86 34831
59 85 494995
59 85 100106
59 85 92687
59 85 70637
59 85 34316
59 85 11244
59 85 15122
59 85 75619
36 59 576612
42 36 25138
48 42 87157
48 42 87850
48 42 316332
48 42 653451
48 42 18288
48 42 26073
43 48 819364
54 43 282337
25 54 14297
45 25 818310
45 25 394602
45 25 21686
45 25 84467
45 25 338862
45 25 56820
45 25 73442
77 45 549105
21 77 80952
93 21 808746
93 21 97980
53 93 50532
96 53 160636
38 96 633400
19 38 48578
32 19 703601
8 32 28323
33 8 553400
10 33 13614
92 10 352881
2 92 86713
2 92 90945
2 92 91016
2 92 9591
2 92 383993
2 92 832331
2 92 13528
2 92 53737
2 92 384400
2 92 354112
2 92 59814
2 92 472923
2 92 15449
2 92 20667
2 92 18327
2 92 464333
2 92 36294
14 74 13151
16 14 32636
79 16 29591
49 79 66332
15 49 5197
67 15 561736
80 11 252424
7 80 47020
7 80 32333
7 80 827766
7 80 5227
7 80 70043
7 80 162004
7 80 48647
7 80 67437
7 80 186068
7 80 967727
7 80 944882
7 80 477754
35 7 66746
75 35 412450
6 75 11859
69 6 745178
9 69 32179
76 9 209448
76 9 20128
76 9 45194
76 9 33154
76 9 8981
24 76 345506
41 24 44398
41 24 354396
41 24 921599
41 24 28051
41 24 879319
41 24 31621
41 24 467316
41 24 697892
41 24 830933
41 24 799293
