1000 100 86
1000000 44
1000000 35
1000000 53
1000000 45
1000000 81
1000000 6
1000000 77
1000000 38
1000000 44
1000000 53
1000000 17
1000000 37
1000000 15
1000000 55
1000000 84
1000000 44
1000000 93
1000000 47
1000000 38
1000000 51
1000000 82
1000000 83
1000000 54
1000000 81
1000000 80
1000000 83
1000000 18
1000000 13
1000000 94
1000000 26
1000000 54
1000000 50
1000000 28
1000000 92
1000000 75
1000000 14
1000000 5
1000000 19
1000000 44
1000000 98
1000000 12
1000000 47
1000000 9
1000000 41
1000000 53
1000000 93
1000000 59
1000000 78
1000000 80
1000000 67
1000000 74
1000000 75
1000000 2
1000000 18
1000000 62
1000000 11
1000000 86
1000000 68
1000000 52
1000000 30
1000000 41
1000000 98
1000000 85
1000000 94
1000000 82
1000000 65
1000000 87
1000000 76
1000000 91
1000000 14
1000000 29
1000000 55
1000000 38
1000000 43
1000000 98
1000000 99
1 53
1 48
1 78
1 58
1 13
1 82
1 15
1 35
1 9
1 88
1 66
1 64
1 54
1 17
1 69
1 65
1 45
1 62
1 94
1 35
1 93
1 9
1 18
1 20
11 57 390465
63 11 78403
61 63 288442
97 61 48247
81 85 52896
62 81 558717
30 62 718987
41 30 31418
92 41 713652
14 92 26627
74 14 34157
35 74 782269
48 35 643225
72 48 609345
22 66 278376
83 22 618561
75 83 15301
46 76 378198
39 46 312732
55 39 67217
60 55 4173
68 60 340151
70 68 588255
19 70 912305
80 95 979789
93 80 992204
51 50 11739
26 51 93994
96 26 89283
49 96 837209
8 49 10082
56 8 787254
10 56 186549
89 10 527729
17 89 969486
90 17 84629
67 90 997357
59 67 296221
16 59 853459
28 16 379646
6 28 228952
3 6 796701
99 4 53944
82 99 45930
5 82 99878
1 5 874983
12 1 38638
21 12 617591
100 21 11613
15 100 169484
98 15 7507
65 98 198475
9 65 819073
78 9 79043
24 29 60429
54 24 963194
69 38 99753
33 69 563373
13 33 729669
45 13 986119
79 45 839933
91 79 659129
40 91 20691
53 40 31919
77 52 2759
88 77 31927
84 88 625735
34 84 86295
31 34 29488
43 31 67678
44 43 410962
58 44 43427
36 58 26242
86 27 81263
87 86 363916
32 87 43454
64 32 31525
73 64 780910
2 73 558048
25 2 663956
71 25 704316
18 71 213789
23 7 83122
42 23 107637
20 42 76440
47 20 637750
