1000 100 83
493158 100
754331 100
890830 0
396004 100
751717 0
295622 100
684969 0
409267 0
72463 0
631389 0
688817 0
333885 100
559279 0
867655 0
454566 0
886831 0
292103 0
757628 0
513141 0
405539 0
686969 0
516397 100
259697 0
285136 0
425178 100
90191 0
577637 100
299944 0
709875 0
150468 0
833664 0
285373 0
491747 0
263669 0
833503 0
659326 0
171968 0
737041 0
872771 0
789633 0
983021 0
751066 0
994186 0
342619 0
794768 100
29666 0
834036 0
93613 0
124101 100
470928 0
875223 0
89672 0
291592 100
148858 0
116955 0
712589 0
148762 0
495963 100
164324 100
87367 0
279519 0
505323 0
197032 0
196885 100
170158 0
944048 0
717226 0
663886 100
939979 0
689358 0
407000 0
445387 100
370908 0
59656 0
564236 0
422442 100
703390 0
454347 0
446452 0
138532 100
477701 0
930449 0
341823 0
207616 0
817066 0
183478 0
974869 0
13686 0
148297 0
694282 0
492153 100
234104 0
335986 0
73432 100
178899 100
190310 100
61363 0
720427 0
310871 0
509602 0
68 49 25442
52 31 324476
3 52 179889
70 3 993350
97 70 84117
62 97 4386
74 48 27865
2 74 95555
100 2 273823
73 100 344719
30 87 92812
26 30 21488
36 26 755149
85 36 5791
98 33 4905
90 98 173214
96 90 2714
10 96 42143
53 10 495775
28 53 757781
12 28 57441
1 12 245147
89 1 18299
41 89 816150
43 41 528111
55 43 300595
54 55 34539
65 54 230289
67 65 682856
6 67 959012
64 6 29383
92 64 434437
50 92 81846
27 50 122460
94 75 216128
72 94 275
84 72 826560
86 84 995515
32 86 81214
45 32 288152
59 45 13298
38 4 380160
40 38 60470
16 40 19858
76 16 93586
24 76 78531
35 24 6745
58 35 81423
22 58 265766
80 22 300428
60 80 75980
13 60 832492
46 13 618042
34 39 817697
83 34 877037
9 83 176457
37 9 23695
61 37 178181
20 69 651855
81 20 744471
82 81 36734
21 82 37346
51 21 69451
93 51 98147
47 93 765309
77 44 58111
63 77 269086
18 63 271875
19 95 728921
99 57 41358
14 99 21812
29 78 33813
25 29 548716
56 25 41226
8 56 259629
11 8 955625
15 11 812095
23 15 967956
91 23 57415
71 91 98206
66 79 600936
88 5 47218
42 88 83277
