200 50 39
186654 16
6409 99
491277 23
547710 11
251597 61
789400 11
568754 53
203164 33
351189 10
782451 79
359440 40
512608 31
442522 33
892581 69
202607 19
661793 3
710907 72
79142 21
630265 48
755830 39
253807 38
623810 30
375671 19
311071 8
817880 99
91937 98
318660 43
476427 88
5186 96
353677 59
257824 96
514556 22
479238 78
588663 4
827962 21
349346 92
893298 76
262898 86
686360 34
240559 40
383351 1
840480 94
222939 49
727974 17
509924 5
52941 82
588422 73
705610 49
343052 92
383378 39
38 28 53748
38 28 714302
38 28 270825
38 28 48326
38 28 34475
38 28 49247
38 28 15992
38 28 819578
38 28 22107
38 28 67173
38 28 13510
38 28 64788
38 28 57570
38 28 63112
38 28 27672
38 28 996397
38 28 401324
38 28 35633
38 28 95732
38 28 591044
38 28 206972
38 28 4134
38 28 6407
38 28 213287
38 28 68620
38 28 30082
38 28 602
38 28 977115
38 28 21634
38 28 254870
38 28 996925
38 28 41771
38 28 10348
38 28 57916
38 28 831049
38 28 782556
38 28 237837
38 28 957332
38 28 40422
