200 50 43
593239 17
971114 94
372858 79
727217 53
652283 14
492386 65
358411 19
197034 69
382994 52
4966 10
387344 54
366315 50
869508 25
270152 31
985302 35
281262 97
645187 45
264787 41
375592 11
121602 86
322232 20
74552 71
858942 87
554665 56
50828 16
413622 44
436344 79
847214 73
116627 35
286964 20
855616 92
55438 99
179876 88
39868 74
810596 27
601743 4
620457 69
228113 15
498778 32
70937 19
181235 6
293723 3
839424 82
967304 100
462622 13
170152 1
711909 83
368587 90
809633 20
192771 85
15 50 230925
15 50 624334
15 50 399957
15 50 41690
15 50 849405
15 50 56024
15 50 41966
15 50 231590
15 50 120455
15 50 624318
15 50 928408
15 50 45850
15 50 956085
15 50 848913
15 50 562221
15 50 19409
15 50 622694
15 50 84781
15 50 17597
15 50 33265
15 50 57977
15 50 43805
15 50 814432
15 50 48547
15 50 26846
15 50 7235
15 50 2200
15 50 42469
15 50 59386
15 50 5271
15 50 194863
15 50 352741
15 50 25932
15 50 506930
15 50 48283
15 50 414994
15 50 25647
15 50 901439
15 50 422742
15 50 26980
15 50 802686
15 50 928255
15 50 625
