1000 100 86
225023 8
804415 44
284289 60
123350 35
149215 7
619388 79
3069 69
874126 54
409345 38
386900 3
916587 77
862028 5
579855 55
813788 61
348665 47
330966 33
84763 85
518973 73
544365 2
80281 45
797677 16
753881 97
990218 73
337142 93
713679 83
511793 12
771548 41
438566 57
615086 34
836893 22
226985 55
564488 45
763228 81
223684 37
426088 92
372613 89
716890 72
211967 10
365156 68
473793 50
226516 71
171557 37
35441 88
530233 53
820594 11
211876 75
170139 13
129883 56
945802 78
903574 93
268764 31
414182 50
471804 95
737401 55
642195 26
578831 88
186719 38
10220 93
744975 52
665384 3
249598 36
89798 23
473396 28
589690 56
83603 37
915205 27
632376 89
743453 75
24140 47
87943 44
5273 80
582954 3
48030 67
797496 42
843387 49
438897 60
279415 27
363106 77
655489 28
750160 57
821343 22
660752 71
687838 40
893794 68
76921 53
613814 86
345248 64
943633 30
582555 43
873770 4
160432 73
253124 73
496857 22
939002 60
538789 87
36092 22
502368 29
630914 15
151350 77
641108 96
71 85 844644
3 71 416408
36 3 57781
51 36 313083
21 51 348370
39 21 51095
29 39 939113
97 29 19555
99 31 33777
75 99 573428
46 25 9532
72 46 66042
35 72 26922
66 35 557241
81 66 25462
6 81 88144
23 6 986663
74 23 8586
48 60 32242
82 48 585414
10 82 270746
7 10 620594
93 7 630320
49 52 418642
15 49 85767
90 15 568677
62 90 335220
86 62 957301
24 86 653502
14 24 590176
22 14 422135
53 22 668484
55 53 948048
50 55 930328
42 50 418157
27 42 456626
41 67 5500
79 41 822061
5 79 982744
40 5 188065
8 40 12726
96 8 28507
16 96 771470
47 16 537214
88 47 4378
89 88 93862
44 89 87177
18 44 6838
61 18 179059
33 61 31465
38 33 65247
69 38 467697
94 58 799091
84 94 2142
37 84 460675
59 37 23122
78 4 397976
87 78 345883
13 87 157624
30 34 941946
76 30 40812
45 76 774986
20 45 700309
9 20 77505
77 9 53201
64 77 654599
100 64 67243
28 92 724231
11 32 23366
91 11 403005
57 91 33553
98 57 92851
70 98 842936
83 70 48211
56 83 96555
1 56 780978
95 1 670107
73 95 76550
54 73 97323
19 54 486788
65 19 219
68 65 492725
2 68 76228
26 2 892792
80 26 34729
17 80 745525
