1000 100 100
504631 86
709416 84
413864 30
709611 51
356326 39
800330 83
565279 57
720320 33
792463 59
780109 71
259208 68
524120 76
442551 84
89850 22
376350 11
719590 11
124293 97
79270 84
384904 4
895826 2
181255 60
910802 70
874573 44
142272 72
883506 87
894565 19
51062 38
493373 43
18917 59
370993 24
819096 94
518234 52
970052 84
178770 87
130561 83
566458 37
322855 71
640690 92
23954 38
637144 58
170431 37
713089 13
796364 84
961399 40
395646 1
487554 67
118515 58
461051 93
386477 20
706530 16
759192 24
598406 52
419973 77
54030 54
785206 30
189913 2
715674 93
29794 57
545931 24
287969 38
55024 54
874128 83
317145 53
631980 35
419762 93
301610 19
550497 79
92923 85
300018 89
770165 30
304958 72
633759 15
251928 36
690868 21
335380 57
935760 55
565543 98
646639 59
218499 41
554361 60
905069 54
674834 75
87940 32
344087 66
80938 15
711173 70
923711 65
377075 33
555926 9
689472 21
688363 82
190387 61
614065 48
309864 69
554434 43
31228 22
756553 51
478734 95
978985 57
11221 88
45 44 215455
25 45 41948
25 45 176162
25 45 328361
25 45 83933
25 45 646077
25 45 942260
25 45 240598
25 45 228802
25 45 8605
25 45 2932
82 25 73242
66 11 98522
88 66 442124
67 85 84087
58 67 19372
81 58 61989
33 81 99490
74 33 7694
34 74 91296
64 34 30702
71 64 732519
71 64 13418
71 64 235967
71 64 12195
71 64 26356
71 64 980620
71 64 409999
71 64 71749
71 64 163398
71 64 59348
71 64 641010
71 64 77364
31 71 672566
31 71 231221
31 71 80811
31 71 85546
31 71 93011
31 71 98524
31 71 43918
2 31 956726
2 31 86772
2 31 20210
2 31 395349
2 31 68471
2 31 918150
2 31 20248
2 31 32466
2 31 46049
42 2 782239
30 42 84737
76 30 24087
76 30 97686
76 30 358192
76 30 11087
76 30 763113
76 30 152820
76 30 382889
76 30 77566
76 30 631375
76 30 67928
76 30 53558
76 30 485482
76 30 60345
76 30 84433
76 30 65472
76 30 34835
76 30 275980
76 30 684901
99 76 232318
7 99 280061
43 7 603519
70 43 980829
70 43 565992
70 43 49117
70 43 19628
70 43 55095
70 43 10690
97 70 517836
80 97 667529
36 80 71776
37 28 159801
23 37 271711
23 37 57325
23 37 979098
23 37 81240
23 37 73238
23 37 39141
23 37 74464
23 37 133973
23 37 70007
23 37 100074
23 37 247895
23 37 158279
23 37 676217
23 37 21758
23 37 296275
35 23 89249
35 23 53502
35 23 35186
