200 50 42
138597 70
19056 37
642766 65
647457 19
980615 57
859794 25
989093 43
990881 37
93132 7
847134 17
685510 19
665759 41
972534 22
307623 52
201799 9
308446 97
977063 76
547229 86
212254 55
924305 41
96027 90
740929 38
27412 12
106866 66
337809 99
36805 88
233058 8
225842 98
399738 75
857594 65
80702 27
986526 6
572045 33
669626 8
921819 89
980217 35
430637 86
666485 83
959332 18
621788 54
769245 83
463310 99
507312 51
504547 73
19072 40
46075 22
11807 60
739695 29
789282 44
213617 93
9 23 92333
9 23 995792
9 23 357995
9 23 391095
9 23 7988
9 23 185807
9 23 683424
9 23 142429
9 23 906038
9 23 319242
9 23 12361
9 23 5589
9 23 235856
9 23 23677
9 23 95955
9 23 603665
9 23 560113
9 23 44573
9 23 5033
9 23 980323
9 23 590682
9 23 763244
9 23 990840
9 23 8499
9 23 183531
9 23 40271
9 23 88847
9 23 692909
9 23 23856
9 23 474974
9 23 2978
9 23 590514
9 23 45459
9 23 426157
9 23 9214
9 23 389333
9 23 215972
9 23 973094
9 23 18224
9 23 452289
9 23 33534
9 23 231070
