200 50 0
85459 96
822020 52
449406 97
591608 63
827609 46
517204 23
461505 92
486189 24
179599 99
403593 9
155704 35
213592 72
907805 58
364276 92
827967 32
877050 79
663860 15
656426 92
307372 16
486427 56
59902 55
300865 83
86104 51
907753 30
539514 21
940747 12
936264 74
858578 37
201701 74
143414 25
964339 33
19824 94
975479 41
24591 89
201503 89
259194 16
708130 37
546525 66
867905 16
219734 88
846780 49
76828 56
717921 69
598118 4
694120 36
637902 43
106704 24
700263 15
573550 53
14204 77
