200 50 0
535548 76
851070 16
364899 96
854928 19
599079 99
372150 59
380615 49
512235 19
95941 97
33139 69
839102 95
287875 96
533750 21
298239 80
872231 99
844065 34
683475 31
166828 8
251953 11
913074 19
219790 44
734284 15
848305 15
225925 11
598349 95
438077 73
734582 12
258813 85
87751 67
436445 57
957661 35
670371 74
850951 16
598607 57
467195 89
999824 5
217159 57
408732 59
603902 23
133663 57
205405 49
385908 88
814065 5
854761 17
663680 72
990223 23
904570 88
655957 51
546838 21
415439 56
