1000 100 84
1000000 94
1000000 47
1000000 7
1000000 88
1000000 43
1000000 76
1000000 33
1 49
1 21
1 59
1 30
1 27
1 64
1 26
1 24
1 88
1 29
1 44
1 79
1 96
1 4
1 14
1 75
1 9
1 42
1 3
1 36
1 51
1 38
1 35
1 13
1 87
1 5
1 30
1 97
1 52
1 1
1 19
1 66
1 95
1 53
1 54
1 79
1 9
1 47
1 61
1 87
1 14
1 65
1 98
1 14
1 54
1 65
1 32
1 62
1 79
1 71
1 65
1 82
1 4
1 27
1 39
1 82
1 78
1 84
1 86
1 39
1 27
1 74
1 27
1 16
1 89
1 23
1 29
1 9
1 33
1 10
1 56
1 48
1 59
1 81
1 69
1 29
1 29
1 11
1 84
1 97
1 91
1 93
1 4
1 67
1 87
1 13
1 12
1 76
1 9
1 30
1 37
1 89
1 72
84 92 47973
11 84 37380
60 11 38157
34 65 72798
21 34 639551
82 21 472592
23 82 93184
81 23 811352
69 81 41457
39 69 99250
53 39 18068
35 53 888196
78 29 923360
20 78 576048
10 44 539560
77 10 441341
95 77 14315
27 95 326786
46 37 993541
28 46 82223
17 28 54941
26 64 925321
41 26 827921
75 70 20611
66 75 262825
96 66 891647
38 96 45088
83 38 64100
19 83 2834
33 19 374302
12 33 784040
48 12 76916
4 48 81461
52 4 87439
79 52 61530
9 79 25705
61 9 728572
72 61 46522
87 72 705623
18 87 406582
47 18 190020
22 47 18638
14 22 766732
8 14 946798
94 8 839342
31 94 64658
74 31 36441
7 74 438950
93 7 330276
57 93 727516
85 57 194554
99 85 95874
62 99 43796
91 62 420703
54 91 50394
63 13 95829
98 63 188344
97 98 24931
88 97 92919
73 40 37922
43 32 35051
3 43 67417
1 42 30446
36 1 759363
5 36 23367
55 5 33857
76 55 7655
2 76 37320
71 2 82464
56 71 45943
58 56 817391
6 58 58452
45 6 455741
49 45 17972
90 15 858100
30 90 56791
89 30 229925
16 89 25770
51 16 816356
68 51 522742
59 68 81404
25 59 938797
86 25 88267
100 86 47775
