1000 100 82
1000000 29
1000000 54
1000000 90
1000000 47
1000000 6
1 95
1 62
1 30
1 58
1 55
1 31
1 34
1 63
1 99
1 32
1 1
1 70
1 47
1 35
1 56
1 77
1 59
1 22
1 23
1 71
1 93
1 24
1 3
1 20
1 100
1 25
1 30
1 36
1 67
1 87
1 7
1 44
1 64
1 67
1 89
1 12
1 31
1 72
1 77
1 35
1 45
1 14
1 43
1 55
1 60
1 31
1 68
1 83
1 36
1 43
1 85
1 35
1 38
1 26
1 38
1 73
1 51
1 9
1 43
1 15
1 10
1 32
1 24
1 75
1 54
1 62
1 90
1 80
1 50
1 33
1 54
1 24
1 38
1 38
1 35
1 74
1 12
1 86
1 2
1 77
1 85
1 14
1 84
1 33
1 70
1 2
1 1
1 26
1 22
1 76
1 11
1 58
1 86
1 17
1 99
89 43 185643
21 89 259571
38 21 857462
71 38 471928
20 10 97768
31 20 204872
6 31 5258
77 6 901023
1 77 952517
24 1 41287
48 24 27146
87 48 212324
44 87 28020
90 94 259870
85 59 45110
66 85 4662
56 66 441692
78 56 92866
3 78 78761
18 3 87679
15 76 33282
22 15 61467
4 22 501139
68 88 75805
63 98 51534
42 2 343648
84 42 603810
49 84 55431
34 49 45359
8 34 66359
14 8 77607
67 14 445965
83 67 165293
79 83 24877
29 79 497095
81 29 91146
92 32 26296
26 92 585004
65 26 7195
53 37 497509
35 53 49884
41 35 30128
62 41 81201
9 62 27059
57 9 63470
82 57 489293
47 17 36722
86 47 92468
93 86 167205
58 93 735896
50 58 777822
25 50 331023
40 25 297613
7 73 62584
12 7 99248
23 12 82789
72 23 669738
51 74 104140
11 51 22478
45 11 46635
55 45 43628
13 55 407842
64 95 433086
28 64 407751
19 28 698953
39 19 326989
80 39 39301
100 80 244711
5 100 68736
70 5 635706
46 70 223090
60 46 91429
99 60 43831
97 99 799328
75 97 74230
16 36 237177
54 16 63628
30 54 53237
91 30 215604
33 61 31731
52 96 183008
69 52 231275
