200 50 0
49653 20
862019 35
915857 46
431401 9
783122 49
632534 78
824494 60
701889 20
998964 7
8246 80
694993 95
645859 79
697326 80
447886 27
171687 75
873860 86
488988 16
825703 57
738127 54
226192 92
238138 8
362528 50
822054 38
124685 100
681204 38
448790 38
960172 99
480369 47
208390 34
237914 34
450950 10
984100 53
489544 71
751354 93
820585 24
789277 13
545298 92
639656 52
955456 55
347692 68
277927 100
476887 61
398202 55
177114 93
423181 60
285593 86
45532 30
308625 17
973982 5
6279 18
