1000 100 88
820851 34
724993 46
818513 85
48699 50
384844 83
141598 69
413355 62
690169 67
288511 12
831008 20
547920 86
958879 66
311868 78
499052 10
477682 53
737174 30
649541 92
996048 32
280032 3
592219 5
151986 78
884369 89
259364 73
178396 22
600863 64
42235 48
205564 72
491397 65
212699 90
694174 18
990036 99
672439 24
67506 4
763675 68
134227 56
822692 16
888852 1
748473 68
307027 45
203615 20
525051 69
340857 86
110256 30
996157 31
108204 37
733427 77
906125 1
892321 76
918513 4
930518 48
12564 39
556967 67
998434 88
725464 24
108002 47
875191 83
8529 2
18058 46
97323 55
237804 85
637267 84
316384 29
918820 100
779549 70
756099 10
213374 14
613652 54
104221 81
413335 6
179941 5
24321 14
716170 56
435847 5
416611 24
226721 39
606658 8
347101 44
470603 92
543696 65
25851 78
10524 9
918408 54
725929 58
408264 27
693607 28
494865 90
519594 41
421477 51
592348 55
910942 86
61455 31
845380 26
674700 46
712422 14
845981 32
509087 87
44688 1
636213 2
476813 14
925588 89
14 49 995146
64 14 434281
65 2 78756
50 57 845281
98 50 2989
53 98 68719
74 67 34951
5 74 16303
91 5 558994
60 91 898819
8 60 913016
43 8 215211
21 43 978325
29 21 256184
59 4 95453
36 59 525787
11 36 786610
31 11 100501
66 31 86866
56 66 627693
32 56 946185
73 32 53486
71 73 66417
87 71 651743
63 87 70693
51 63 55148
92 51 84006
9 92 983821
28 9 36800
33 28 690990
3 33 81746
69 3 895462
75 79 150332
30 75 762076
25 30 529212
6 25 969725
54 6 32945
82 54 64881
23 82 47417
94 23 398628
61 94 832469
100 61 716732
93 100 964165
38 93 39521
97 38 836
99 97 75974
41 99 4790
90 41 154886
78 90 782058
20 78 139435
15 20 55982
44 15 815095
80 44 292481
76 80 365624
85 76 58422
68 85 596880
10 68 414220
58 10 93122
27 58 876993
95 27 866643
77 95 171167
83 72 32023
39 83 72224
24 39 265206
42 24 51050
37 46 84861
47 37 790818
62 47 92817
55 62 335950
40 55 571744
84 40 95477
48 12 114841
86 48 49001
88 86 2110
52 88 548621
96 52 779780
13 96 368305
81 13 65359
34 81 307680
70 34 96368
22 70 46214
1 22 76739
7 1 94833
89 7 54598
45 16 96166
17 45 7050
26 17 4523
19 26 910437
