1000 100 81
262607 54
446437 42
138708 56
255238 42
930746 57
434679 36
380794 67
586875 35
172525 14
79993 77
656752 98
962412 35
174218 87
820544 56
392068 65
519012 19
512550 87
536156 1
665278 54
210277 16
147665 75
482481 62
580099 70
928724 81
252505 59
556273 100
118510 74
675526 57
590103 75
268362 83
530683 31
599658 55
445168 93
268089 25
677971 68
509360 8
880575 33
674335 74
118510 20
620120 57
352268 61
222839 88
342486 58
807663 3
552101 37
757642 94
713195 44
260088 89
62005 17
236772 69
989369 56
743707 66
358993 22
999314 32
822798 10
118359 62
593945 8
296417 27
450985 18
876850 10
225707 70
648251 53
472849 26
395577 39
309951 60
761833 50
914177 51
354473 2
159549 30
812316 99
248926 54
246516 10
748096 46
447408 60
960850 73
670114 99
678409 80
594348 79
158113 10
950420 22
211067 29
157213 70
826094 17
148574 12
29805 93
284453 30
722651 56
858599 51
747083 100
290219 22
602162 64
390955 32
169598 6
915038 14
172663 7
909407 72
467810 43
940114 54
769441 38
332900 86
100 55 86474
28 100 25600
75 28 85256
71 75 13061
31 71 476424
90 31 9396
43 90 247811
20 35 30968
61 20 31523
9 61 35918
17 42 13169
95 97 34268
59 95 101536
14 59 964032
57 14 54615
46 57 62766
45 46 122329
33 45 37894
40 33 368571
92 40 33993
88 3 14970
29 88 62423
53 29 533737
48 53 14269
87 48 198684
63 87 10852
99 85 27978
49 89 409841
76 49 80599
26 76 70246
70 26 67760
32 30 730839
22 32 771987
12 22 124911
93 54 51570
10 1 936561
58 10 487939
91 94 72164
51 91 330182
79 51 1019
34 79 662367
24 34 64873
67 24 70105
13 67 3777
80 13 64165
66 80 18802
36 66 858359
4 36 301565
5 4 17886
21 5 85911
37 21 55380
38 37 354710
78 38 541051
86 78 565758
69 86 603520
62 69 62238
82 62 29430
73 82 773940
39 8 478947
52 50 40399
83 52 15316
19 83 70528
74 19 168997
96 74 755275
41 96 46689
64 7 10117
84 64 627111
16 84 849607
44 16 61557
18 44 20692
2 18 468074
81 2 13836
56 72 24600
15 27 607308
11 15 64916
68 11 42831
6 68 265124
98 6 995730
60 98 150491
25 60 89346
23 25 55896
