1000 100 100
123505 4
736641 19
727025 66
273619 8
587927 3
529472 83
601425 67
919965 25
956560 37
846301 72
135687 41
364112 48
693934 8
222745 74
541545 33
162739 4
860651 86
453094 45
988925 87
321672 44
972759 75
43985 99
883702 99
676524 49
450066 27
858956 53
310265 95
843230 34
700720 47
58361 70
873981 41
986797 27
211964 52
39985 59
835026 87
346961 51
207995 5
232178 63
51260 64
518046 10
215285 2
838246 7
598113 7
211766 69
685168 51
973279 91
859943 36
421894 77
739417 16
124263 20
54249 96
866793 44
15003 46
205082 1
364538 76
731057 92
716838 87
977144 87
213385 93
650418 42
19167 45
856139 10
427448 89
798954 41
778778 53
386926 63
550990 84
915849 30
31987 88
128540 60
313322 78
726551 70
918467 46
356271 31
478673 39
577090 44
323535 32
752814 96
30548 86
467001 62
530723 12
948289 23
690376 4
913508 58
25402 35
560981 41
380698 70
231665 60
541615 99
617911 100
603934 75
783508 85
668196 14
343818 92
423168 45
376645 97
811944 56
230925 43
254604 99
677597 45
38 92 94048
24 38 64815
24 38 72676
24 38 85779
24 38 62104
24 38 4889
24 38 54484
24 38 969286
24 38 974628
24 38 810050
24 38 982168
57 24 326322
57 24 296480
57 24 67722
57 24 135520
57 24 514257
57 24 40548
57 24 129014
57 24 338106
57 24 96312
14 57 49001
70 14 136681
70 14 836579
70 14 962646
70 14 155421
70 14 169279
70 14 2849
70 14 406192
70 14 143242
70 14 145682
70 14 20136
70 14 467792
70 14 9527
70 14 192654
70 14 46197
70 14 19471
70 14 830625
70 14 435456
70 14 889451
70 14 54207
70 14 531607
87 70 66669
87 70 11370
87 70 84068
87 70 30492
87 70 230036
87 70 392439
87 70 167472
87 70 747
79 87 12353
79 87 91088
15 79 20260
15 79 40294
15 79 29726
15 79 623419
15 79 915885
15 79 69625
15 79 472831
15 79 68829
15 79 14408
15 79 75679
15 79 228897
15 79 457142
15 79 53663
15 79 568353
15 79 39100
15 79 96635
66 15 660058
66 15 95520
66 15 2224
77 25 811803
99 77 72061
33 99 624942
91 33 50020
91 33 46565
91 33 512037
91 33 27409
91 33 568931
91 33 80335
91 33 6761
91 33 222629
91 33 94106
91 33 60775
91 33 933430
91 33 13706
91 33 75701
91 33 22127
91 33 77974
7 39 41560
7 39 84587
61 7 6232
61 7 169931
61 7 297437
61 7 66265
61 7 4320
61 7 7614
61 7 20822
61 7 32404
61 7 58011
63 61 223584
