1000 100 83
345109 0
790502 100
285693 0
648434 100
27597 0
498600 0
258349 100
803404 0
419713 0
653497 0
611036 0
738399 0
201802 0
621909 100
191390 0
632153 0
162576 0
122036 0
59461 0
648966 0
906397 0
78873 100
580462 0
378988 100
671641 0
918072 0
658497 0
653431 0
995816 0
161295 0
743897 0
35399 0
941145 0
457691 100
811916 100
259943 0
283375 0
139998 0
761244 0
518936 100
772122 0
419219 0
55038 0
984833 0
196739 0
222490 0
871189 0
10914 100
411515 100
862788 0
448137 100
985518 0
427713 100
516735 0
581446 0
884088 0
541229 100
624183 0
482324 0
575227 0
814794 0
567163 0
154739 100
380035 0
916060 0
538254 0
563177 0
843204 0
343494 0
315945 0
61061 100
641748 0
215292 0
366501 0
649003 0
458409 0
812114 0
525855 0
93200 0
778290 100
639975 0
856522 0
151545 0
904 0
955727 100
530495 100
652499 0
820635 100
683469 0
544402 0
159045 0
593229 0
47960 0
314056 0
656039 100
320389 0
917999 0
862694 0
289554 100
682978 0
49 18 901134
34 49 385292
48 24 191917
75 92 32436
28 75 380563
59 28 930585
87 59 936266
6 87 21545
29 30 933668
3 29 144424
74 46 33132
97 74 53261
16 97 641280
22 16 537301
25 22 69669
65 25 74492
58 65 45722
98 58 43707
54 98 43720
85 81 98387
76 85 289343
52 76 99929
14 52 88218
53 14 82200
15 53 474672
23 15 449146
4 23 546420
88 4 57284
20 88 17548
39 9 67646
35 39 80267
55 35 590457
36 55 673818
69 36 38435
12 69 638863
8 12 220790
26 8 43800
56 26 80303
66 56 90891
1 66 714052
50 1 92826
62 2 368983
72 62 37323
10 72 133732
64 10 876341
79 64 14701
27 79 70056
61 27 60786
41 61 36239
67 41 56756
31 67 116259
73 31 99796
21 73 34937
77 21 25161
86 77 928114
43 86 958445
5 43 902497
47 5 19896
90 47 296336
45 90 7733
60 45 106318
57 60 47814
82 57 428290
7 82 873836
44 7 357201
94 44 296092
42 94 69458
80 42 909723
11 80 37078
89 11 93075
38 89 78768
96 38 339741
99 37 522249
78 99 80529
19 83 48448
95 19 3311
33 51 36151
17 32 21283
70 17 285912
40 70 65108
63 40 257159
71 63 1604
13 71 49277
