1000 100 85
315828 100
276309 0
297454 0
810603 0
947035 0
160990 100
880764 0
681475 0
91168 100
330076 0
492809 0
757075 0
932828 0
743641 0
597431 0
526030 100
629933 0
356103 0
279266 0
320560 0
789400 100
173355 0
919698 0
153447 0
141369 0
306293 0
964633 100
419803 0
20990 0
471744 0
726799 0
170404 0
364921 100
864223 0
331849 0
163593 0
30337 0
872280 0
721773 0
373917 100
614538 0
138046 0
509834 0
49576 0
887171 0
212562 0
757300 0
687172 0
11229 0
357401 0
573496 0
239018 100
958548 0
112615 0
915014 100
227213 0
744310 0
583369 0
715305 0
638551 0
556842 0
201267 100
82158 0
138571 0
925498 0
614882 0
122244 0
22766 100
205663 0
187026 0
30576 100
904462 100
96773 0
463514 0
108000 0
566305 0
23980 0
996145 0
489386 0
483001 100
734122 0
955417 0
689905 0
255147 0
101478 0
296520 0
878756 0
245273 0
224147 0
526905 0
258764 100
273253 0
146406 0
316808 0
5769 0
753499 0
602556 0
499004 0
787486 0
110488 0
29 62 945707
36 29 483548
28 86 50149
42 28 40755
82 42 68813
76 63 333019
20 5 673000
41 20 385625
87 41 67756
3 87 44782
52 3 65664
37 52 4164
13 37 129636
26 13 95565
84 26 7781
58 84 669872
70 58 13205
19 70 3741
57 19 97714
53 25 10125
7 53 17799
23 7 57731
22 23 154691
71 22 85775
93 21 889658
73 93 73101
50 73 29604
60 1 79233
69 60 578308
97 15 950606
2 12 758497
81 2 55653
98 81 29732
100 78 73432
44 100 64832
18 44 10056
89 18 245899
43 89 967535
59 43 11808
32 59 58686
55 32 941246
66 11 67238
39 66 607182
51 56 83597
77 51 76387
61 45 58327
65 61 51283
46 65 382530
38 46 708046
91 38 94971
85 91 34229
17 85 836903
48 17 72862
6 48 84396
90 6 468168
80 99 60100
4 80 22910
35 4 159126
74 35 569078
54 74 36032
95 54 773524
31 95 99505
14 31 24755
75 14 149911
27 75 68973
67 83 149087
16 67 460114
9 16 164987
92 9 84450
40 92 585750
10 40 64766
8 10 67539
96 8 23463
33 96 519262
72 33 825962
24 72 510620
79 24 73504
94 79 40659
88 94 72233
34 88 684254
49 34 23078
68 49 916133
47 68 27646
30 47 44153
64 30 321650
