2 80 71
21103 78
3228 83
14146 36
25920 48
27874 68
1921 8
3844 99
20591 46
25574 12
15821 87
2542 47
10445 96
10382 89
7706 54
10346 54
30491 45
14013 5
6263 7
6136 59
31188 75
3501 90
23269 80
21420 32
18851 80
30828 85
24026 7
5292 85
19944 54
9817 30
16577 52
4787 32
311 90
5036 41
30329 70
5264 55
1497 38
16875 88
16850 25
20648 26
2633 87
16502 3
531 49
7536 26
32184 48
1276 42
20342 74
29171 99
5257 100
5123 23
26538 18
13906 58
7382 96
31076 77
27216 18
25663 68
8937 63
4301 82
25983 5
30593 37
26052 36
7741 2
12864 20
11892 26
7066 52
13964 10
8467 84
6790 40
1619 73
30688 94
30312 15
186 86
22540 4
4665 95
14118 80
2601 59
26516 75
8166 10
17704 38
17532 62
13552 24
0 71 27 5816
0 24 72 21625
0 15 17 14989
0 14 41 2202
0 58 33 24664
1 76 1 24390
0 69 21 156
1 34 37 23425
0 65 74 4479
1 3 62 308
1 3 52 4426
1 21 8 10153
0 34 23 8426
0 3 18 23567
0 60 63 11890
1 60 33 21500
1 33 25 12183
0 17 12 28646
0 70 7 27699
0 42 65 19881
0 52 32 22723
1 17 47 27396
0 22 14 233
0 53 42 22556
0 31 10 18790
0 43 23 32652
0 20 64 29998
0 61 50 11864
0 5 73 22593
0 1 28 18987
1 75 55 3467
0 74 72 12650
1 36 31 27915
0 2 79 21966
1 51 74 11348
1 3 76 1252
1 29 38 20237
1 31 30 141
1 61 69 26482
1 40 10 26495
1 17 29 9937
0 73 6 28099
1 10 7 15886
1 43 63 25909
1 64 49 3616
1 1 20 5638
0 76 44 10385
0 13 41 26429
0 61 62 8194
1 24 69 22322
1 67 1 10404
0 46 52 17426
1 23 2 2240
1 15 53 1118
0 49 2 22832
0 48 61 20332
1 48 57 5604
1 72 10 21622
1 30 68 11059
0 4 36 22649
1 54 64 21874
0 13 40 19523
0 7 73 20894
1 54 16 13623
1 71 18 7731
0 72 55 4766
0 74 45 26641
1 11 63 410
1 77 11 2305
1 60 66 19043
1 54 78 6008
