200 50 0
694837 42
691912 80
618000 61
417057 15
205189 24
74902 22
493467 70
124061 15
593513 76
210624 5
99161 94
603275 17
960174 39
510186 80
68760 63
580974 79
928142 89
743168 55
503069 26
540938 80
677610 24
955065 46
800455 21
664222 16
908799 29
272377 57
257199 59
527280 29
915773 94
690407 44
103599 93
642103 50
30249 94
564248 76
366664 77
329533 69
817484 60
283446 70
173206 81
381316 29
590419 68
903155 8
955305 51
419300 25
700206 23
938831 44
38072 91
170302 41
417713 72
953553 31
