200 50 0
232144 35
657288 13
483134 59
405630 44
831033 70
740 38
656825 40
953362 3
840360 59
496143 31
305769 100
162606 74
736717 24
675800 56
298881 99
672554 83
158242 9
665035 86
179698 61
907151 28
654359 10
110786 33
395147 15
20242 65
657596 34
145268 82
790983 82
47141 92
925562 90
851302 58
900748 53
357485 11
78649 15
293968 46
895919 59
31579 23
811638 78
533024 44
222284 64
396649 42
834785 80
543642 99
357328 78
406738 50
357378 43
552212 82
849174 6
400102 88
100049 20
695189 64
