200 50 0
686400 99
615439 35
306833 58
265833 36
880401 44
322995 44
883762 10
187558 23
580620 70
735731 87
47496 32
88073 45
629128 78
434507 99
24763 71
348643 26
916105 11
741522 95
401565 97
694012 62
565089 94
841542 44
925822 13
985016 8
92728 12
289709 19
115533 49
652770 74
773950 4
211429 27
22140 92
956354 38
523457 48
246663 4
209895 97
818399 38
984234 68
279759 26
242322 36
827758 67
144582 65
699410 34
522928 24
617219 54
584121 11
43680 81
798948 11
196044 64
578240 98
287143 34
