1000 800
907 753
660 907
277 660
468 907
954 277
706 907
674 468
923 907
136 674
876 277
453 674
460 660
281 277
522 876
591 876
336 136
908 706
467 876
67 336
37 277
656 876
875 37
624 954
709 67
402 468
179 656
98 923
176 591
341 277
331 709
376 875
131 136
293 336
267 376
295 331
64 341
270 624
203 376
631 270
7 923
103 467
334 376
533 468
21 176
734 336
958 402
445 908
772 277
46 179
65 468
845 21
910 334
623 281
479 656
901 179
77 772
802 910
833 623
369 176
731 623
36 376
117 468
519 36
356 706
301 876
154 179
952 131
950 270
143 65
433 910
937 267
722 281
983 117
366 293
297 179
956 154
884 336
317 753
31 956
528 331
970 376
82 77
562 624
763 875
191 131
500 295
810 706
71 901
515 136
318 533
422 515
477 562
286 623
899 763
607 295
437 709
316 117
430 286
38 954
434 591
663 907
857 143
606 98
126 336
822 519
132 176
705 663
597 467
959 37
444 46
236 660
305 907
682 500
238 753
326 772
599 631
990 236
246 875
41 907
137 126
303 143
272 983
130 802
672 326
610 500
973 130
730 31
60 203
409 334
927 453
840 433
426 908
853 802
14 277
717 857
745 927
872 434
892 876
182 426
224 270
576 453
780 422
368 14
756 599
557 954
880 923
464 706
241 117
240 892
969 730
152 38
260 38
867 434
814 238
124 772
841 130
858 281
394 238
498 958
511 77
718 334
808 756
819 124
457 36
463 137
91 467
93 908
79 136
920 91
555 191
414 453
572 368
263 246
187 64
766 297
209 766
448 717
724 623
559 130
462 884
226 954
395 131
667 305
322 437
481 368
871 528
222 674
612 430
695 753
775 892
210 433
497 969
153 341
337 316
282 341
401 433
85 301
550 430
827 780
35 875
221 37
704 833
890 85
502 103
83 775
411 822
302 845
6 132
737 845
440 7
725 267
373 402
768 464
81 572
596 890
538 305
575 954
459 952
738 511
878 923
212 808
712 910
78 682
936 35
252 624
677 575
657 35
92 7
935 667
455 502
617 802
53 737
348 437
162 210
748 908
659 802
276 356
750 910
475 433
55 884
716 336
909 519
115 479
45 297
578 373
926 322
774 876
847 907
157 498
721 750
215 479
975 954
506 305
436 136
694 808
204 500
205 204
527 656
393 725
472 210
180 337
351 53
279 479
978 748
268 83
779 481
662 522
560 772
312 187
243 462
815 737
652 55
271 436
549 305
698 376
603 85
839 46
344 780
916 356
249 92
40 64
284 45
428 179
347 157
760 369
61 500
797 162
421 53
190 612
379 677
183 479
938 297
57 511
803 293
431 969
545 814
234 203
904 663
521 318
889 326
998 38
673 704
957 316
862 21
197 814
323 652
863 750
714 983
398 203
66 901
805 126
97 459
95 60
826 656
508 952
537 772
794 706
829 515
306 704
253 431
701 975
375 263
367 35
145 457
88 737
19 7
991 210
640 209
358 557
531 840
308 64
611 252
895 215
386 444
151 508
851 916
843 347
801 348
584 682
924 191
211 379
491 843
235 297
963 221
435 575
755 60
62 694
541 366
134 738
637 422
972 36
294 303
769 77
330 623
661 768
752 459
262 246
505 373
329 411
992 662
925 550
945 448
192 752
214 143
269 132
942 366
809 143
10 334
315 938
569 81
692 508
325 631
13 215
133 303
544 279
451 215
906 154
681 701
846 802
524 819
628 815
251 578
570 479
101 991
486 926
454 584
237 570
807 481
520 706
639 468
641 53
941 628
449 269
438 797
47 611
982 718
400 570
830 262
703 356
274 317
798 766
290 351
556 663
697 395
350 337
504 136
175 305
669 694
568 562
824 10
247 925
793 774
138 221
15 724
29 730
340 459
195 774
447 305
84 545
26 290
915 60
383 606
670 253
832 915
220 794
953 62
258 209
529 253
632 550
256 578
264 98
588 435
986 822
90 793
307 505
86 344
601 895
671 597
96 731
16 426
932 373
384 936
980 606
299 521
708 323
200 718
141 706
917 137
881 639
185 214
825 986
604 302
39 660
966 541
446 527
484 725
739 347
499 284
913 264
471 969
416 876
741 152
962 640
165 350
387 858
770 962
732 890
882 246
74 959
391 297
469 570
613 92
622 717
355 262
653 134
971 925
208 277
977 269
432 53
723 533
542 756
392 910
581 797
248 348
87 738
887 220
452 40
928 775
28 845
353 982
70 115
75 544
232 889
113 673
629 760
456 260
821 928
837 366
921 185
868 936
650 138
702 682
536 337
743 829
56 659
94 674
104 456
860 591
198 637
773 306
844 920
150 272
746 963
516 872
509 537
332 138
300 977
919 921
903 331
796 847
52 284
812 505
625 734
564 973
275 998
573 393
930 962
473 560
181 872
859 926
374 82
310 629
729 562
658 913
643 971
976 318
489 808
418 241
228 669
244 991
726 859
417 629
239 753
747 529
225 351
273 97
905 275
476 959
940 801
482 471
960 92
630 137
99 663
128 499
811 797
566 573
987 562
683 846
646 37
27 613
186 297
848 905
964 941
593 536
403 862
109 770
644 473
22 126
707 416
199 74
458 591
17 570
166 387
994 721
372 832
948 662
123 141
517 447
574 533
518 846
602 925
24 722
742 499
217 775
598 379
999 476
615 83
363 753
949 445
888 221
18 657
648 393
112 391
865 323
49 694
931 275
985 774
73 84
278 860
206 862
102 303
309 793
675 295
25 269
378 308
346 340
118 682
285 251
292 588
370 479
313 486
842 500
177 732
149 337
897 549
782 549
735 350
727 222
561 347
911 601
818 671
265 859
407 190
171 644
929 19
219 518
981 15
119 972
261 78
114 370
816 376
558 267
23 775
567 285
121 469
419 562
642 694
339 205
777 727
666 269
255 112
543 121
685 276
380 940
189 640
585 369
196 904
891 74
76 782
523 652
651 794
795 177
645 956
30 222
961 999
918 104
817 550
580 401
834 175
946 637
680 198
296 755
178 982
48 91
159 731
879 313
583 652
873 476
3 209
609 648
42 803
377 511
800 543
852 372
202 632
450 24
668 176
951 210
8 842
715 632
148 190
125 644
996 500
627 564
776 630
592 966
633 817
233 329
912 727
412 981
324 40
488 317
20 325
546 842
636 908
127 884
12 661
108 604
638 613
408 948
72 234
984 260
699 99
836 29
922 875
135 858
785 541
194 917
902 500
563 721
122 859
405 258
338 797
465 451
480 138
164 521
507 294
172 672
886 67
554 67
354 698
553 865
423 355
831 882
676 892
535 196
155 462
754 695
229 39
605 927
900 702
218 871
58 479
582 622
100 596
1 553
806 793
89 465
33 705
979 431
250 444
510 18
855 674
595 93
696 557
684 926
783 938
967 325
327 108
231 682
744 867
838 431
947 822
759 948
443 684
939 30
174 370
914 322
874 502
420 279
461 57
291 462
139 508
711 484
105 970
32 372
618 443
184 195
526 911
823 72
896 47
406 855
111 205
571 238
710 558
390 323
106 822
230 313
257 353
856 628
495 823
11 376
955 346
813 860
870 535
869 106
621 840
321 272
767 218
944 724
311 735
690 248
501 154
129 698
490 338
110 526
146 414
634 638
687 833
342 946
362 215
894 625
877 507
168 813
765 347
441 92
679 210
365 704
410 877
160 484
359 747
728 754
496 296
733 515
540 129
51 53
594 230
43 164
242 917
213 230
688 625
789 613
345 701
799 865
758 644
68 136
792 126
161 642
835 652
614 88
388 947
784 559
425 22
442 907
691 879
360 65
761 111
44 172
54 628
995 56
968 407
397 684
828 944
778 464
993 126
689 450
512 940
850 213
600 48
427 805
883 505
539 672
116 529
693 796
530 725
304 104
934 384
997 930
144 691
352 656
193 496
493 927
626 938
371 674
283 420
492 321
655 627
804 190
69 310
534 121
343 458
514 576
589 418
771 523
314 984
328 342
254 951
736 977
289 457
974 613
396 785
280 26
142 992
288 750
513 270
781 617
788 882
551 610
156 10
943 633
719 472
740 178
590 986
654 968
525 663
320 969
333 681
9 800
700 590
616 663
791 709
635 741
586 873
787 77
170 600
399 556
413 353
620 739
965 992
470 182
216 570
474 726
552 178
483 948
664 88
762 149
849 230
223 193
188 374
415 605
764 291
989 430
866 525
494 51
988 99
201 229
678 267
259 953
532 388
577 144
287 464
357 383
713 155
608 741
751 758
933 293
59 412
466 560
790 491
140 768
80 839
158 654
893 832
749 59
335 920
665 44
786 664
487 570
319 72
266 603
147 841
619 221
503 318
173 483
720 170
424 731
547 640
757 186
854 47
385 449
50 816
548 179
5 883
349 50
647 523
364 176
429 173
167 646
885 598
381 499
63 807
861 380
382 692
120 29
227 158
361 504
439 121
4 276
389 752
898 853
34 258
579 947
207 462
404 499
864 234
649 535
107 380
686 941
298 649
820 869
1000 654
485 58
163 785
2 798
565 469
478 485
587 460
245 470
169 189
1 2
2 455
1 6
2 695
1 20
1 85
1 603
2 450
2 672
2 540
1 266
2 885
2 187
2 690
2 405
2 197
2 25
2 420
2 52
2 933
2 292
2 263
2 157
2 378
2 252
2 522
2 706
2 968
2 491
2 2
2 983
2 955
2 801
2 982
2 694
2 159
2 72
2 67
2 172
2 825
2 905
2 353
2 315
2 884
2 926
2 467
2 518
2 453
2 518
2 164
2 344
2 679
2 637
2 85
2 341
2 736
2 32
2 248
2 670
2 250
2 885
2 536
2 353
2 330
2 753
2 606
2 856
2 188
2 704
2 37
2 758
2 518
2 386
2 735
2 765
2 377
2 648
2 966
2 570
2 995
2 970
2 956
2 358
2 79
2 580
2 956
2 255
2 275
2 605
2 350
2 326
2 737
2 311
2 527
2 751
2 479
2 217
2 943
2 948
2 135
2 456
2 881
2 402
2 735
2 449
2 478
2 354
2 962
2 929
2 835
2 217
2 510
2 430
2 606
2 457
2 372
2 643
2 4
2 269
2 627
2 264
2 46
2 281
2 381
2 303
2 48
2 256
2 744
2 664
2 225
2 756
2 198
2 806
2 454
2 898
2 70
2 48
2 295
2 346
2 785
2 961
2 640
2 196
2 534
2 97
2 233
2 150
2 486
2 497
2 510
2 599
2 112
2 155
2 8
2 223
2 591
2 247
2 626
2 564
2 391
2 255
2 301
2 215
2 731
2 620
2 460
2 652
2 962
2 287
2 513
2 622
2 677
2 857
2 567
2 393
2 755
2 787
2 181
2 262
2 198
2 199
2 137
2 843
2 827
2 804
2 218
2 992
2 853
2 143
2 101
2 219
2 763
2 460
2 402
2 877
2 469
2 377
2 220
2 459
2 3
2 884
2 308
2 749
2 87
2 40
2 414
2 314
2 710
2 932
2 339
2 74
2 666
2 651
2 165
2 987
2 787
2 357
2 814
2 45
2 809
2 373
2 2
2 686
2 588
2 673
2 376
2 910
2 997
2 174
2 973
2 724
2 634
2 177
2 777
2 72
2 77
2 86
2 136
2 846
2 318
2 581
2 746
2 177
2 668
2 911
2 723
2 630
2 160
2 110
2 315
2 221
2 947
2 475
2 168
2 276
2 746
2 366
2 455
2 403
2 281
2 257
2 271
2 473
2 446
2 117
2 94
2 157
2 329
2 955
2 762
2 726
2 883
2 164
2 826
2 84
2 364
2 651
2 89
2 220
2 963
2 205
2 858
2 744
2 137
2 832
2 359
2 917
2 198
2 929
2 720
2 987
2 907
2 724
2 122
2 881
2 879
2 808
2 357
2 118
2 907
2 224
2 478
2 841
2 93
2 499
2 851
2 385
2 296
2 925
2 929
2 894
2 58
2 940
2 425
2 151
2 637
2 444
2 183
2 457
2 591
2 604
2 938
2 750
2 378
2 822
2 79
2 972
2 293
2 970
2 974
2 986
2 489
2 84
2 850
2 462
2 717
2 786
2 13
2 826
2 626
2 871
2 755
2 98
2 999
2 690
2 690
2 200
2 86
2 696
2 400
2 57
2 885
2 13
2 189
2 93
2 743
2 879
2 613
2 690
2 592
2 940
2 807
2 641
2 677
2 111
2 297
2 712
2 209
2 71
2 353
2 766
2 361
2 544
2 461
2 435
2 649
2 752
2 636
2 429
2 972
2 354
2 851
2 564
2 193
2 167
2 706
2 567
2 272
2 912
2 580
2 524
2 905
2 205
2 34
2 884
2 614
2 265
2 384
2 324
2 340
2 556
2 758
2 718
2 429
2 384
2 329
2 886
2 793
2 268
2 168
2 829
2 168
2 572
2 63
2 906
2 10
2 151
2 335
2 876
2 783
2 248
2 916
2 417
2 671
2 565
2 982
2 594
2 132
2 123
2 297
2 956
2 795
2 520
2 37
2 272
2 375
2 911
2 22
2 52
2 61
2 536
2 268
2 241
2 697
2 118
2 876
2 395
2 448
2 511
2 310
2 804
2 243
2 135
2 710
2 161
2 715
2 509
2 595
2 803
2 679
2 876
2 834
2 111
2 879
2 163
2 612
2 174
2 821
2 798
2 52
2 150
2 239
2 699
2 74
2 351
2 895
2 838
2 51
2 728
2 467
2 334
2 478
2 287
2 237
2 669
2 200
2 396
2 475
2 139
2 434
2 391
2 320
2 100
2 182
2 141
2 745
2 534
2 757
2 551
2 313
2 868
2 83
2 779
2 190
2 518
2 873
2 233
2 554
2 38
2 195
2 983
2 715
2 628
2 840
2 110
2 35
2 99
2 941
2 915
2 313
2 641
2 209
2 391
2 966
2 987
2 138
2 86
2 232
2 600
2 663
2 380
2 779
2 489
2 860
2 923
2 699
2 671
2 34
2 879
2 547
2 101
2 68
2 90
2 385
2 785
2 474
2 976
2 919
2 519
2 170
2 893
2 668
2 887
2 482
2 449
2 217
2 882
2 888
2 67
2 725
2 641
2 834
2 787
2 225
2 254
2 814
2 415
2 164
2 688
2 307
2 591
2 361
2 259
2 278
2 129
2 892
2 278
2 614
2 669
2 160
2 411
2 976
2 586
2 364
2 827
2 964
2 63
2 985
2 976
2 231
2 587
2 526
2 857
2 463
2 750
2 581
2 65
2 689
2 6
2 835
2 712
2 830
2 595
2 868
2 433
2 817
2 26
2 428
2 730
2 107
2 358
2 575
2 639
2 296
2 706
2 610
2 567
2 984
2 417
2 103
2 613
2 119
2 766
2 325
2 64
2 820
2 628
2 622
2 212
2 918
2 760
2 879
2 271
2 354
2 730
2 324
2 621
2 294
2 863
2 874
2 149
2 954
2 130
2 130
2 681
2 985
2 742
2 996
2 58
2 949
2 5
2 250
2 449
2 584
2 877
2 657
2 159
2 100
2 934
2 740
2 598
2 243
2 429
2 777
2 278
2 551
2 684
2 601
2 209
2 236
2 335
2 956
2 159
2 234
2 617
2 947
2 635
2 748
2 869
2 964
2 636
2 723
2 477
2 258
2 365
2 579
2 270
2 443
2 261
2 572
2 258
2 480
2 816
2 98
2 845
2 695
2 492
2 638
2 65
2 724
2 733
2 483
2 987
2 788
2 233
2 178
2 907
2 225
2 748
2 439
2 879
2 338
2 790
2 482
2 864
2 272
2 16
2 135
2 987
2 753
2 499
2 893
2 114
2 768
2 232
2 226
2 993
2 651
2 593
2 518
2 562
2 796
2 39
2 28
2 49
2 97
2 530
2 405
2 168
2 317
2 117
2 996
2 180
2 92
2 86
2 786
2 46
2 658
2 746
2 204
2 148
2 741
2 223
2 640
2 93
2 846
2 672
2 60
2 472
2 45
2 341
2 943
2 14
2 842
2 433
2 246
2 299
2 764
2 290
2 376
2 185
2 957
2 988
2 274
2 565
2 52
2 14
2 116
2 824
2 562
2 515
2 818
2 255
2 710
2 331
2 932
2 708
2 410
2 808
2 343
2 498
2 123
2 649
2 49
2 877
2 196
2 530
2 897
2 968
2 516
