14
293
2 166
3 275
4 207
5 143
6 53
7 105
8 23
9 132
10 292
11 128
12 169
13 63
14 61
15 272
16 194
17 228
18 278
19 203
20 108
21 178
22 291
23 118
24 241
25 148
26 293
27 26
28 284
29 8
30 179
31 211
32 268
33 222
34 181
35 73
36 67
37 195
38 115
39 223
40 232
41 192
42 88
43 9
44 116
45 158
46 140
47 13
48 70
49 97
50 271
51 11
52 262
53 174
54 230
55 164
56 191
57 142
58 93
59 254
60 90
61 111
62 288
63 189
64 171
65 159
66 201
67 167
68 163
69 95
70 86
71 280
72 213
73 235
74 209
75 120
76 248
77 261
78 276
79 187
80 123
81 16
82 38
83 29
84 64
85 126
86 66
87 289
88 54
89 45
90 161
91 52
92 242
93 160
94 80
95 21
96 134
97 56
98 243
99 2
100 12
101 85
102 184
103 20
104 81
105 55
106 234
107 149
108 6
109 251
110 44
111 239
112 130
113 99
114 215
115 4
116 104
117 10
118 210
119 185
120 202
121 106
122 15
123 281
124 112
125 274
126 212
127 153
128 217
129 119
130 269
131 47
132 152
133 43
134 173
135 36
136 124
137 263
138 127
139 188
140 138
141 50
142 31
143 32
144 100
145 25
146 113
147 76
148 220
149 162
150 147
151 236
152 224
153 182
154 227
155 229
156 59
157 286
158 260
159 17
160 82
161 74
162 186
163 40
164 84
165 206
166 30
167 150
168 141
169 96
170 75
171 83
172 87
173 157
174 18
175 151
176 214
177 255
178 265
179 89
180 196
181 42
182 144
183 282
184 221
185 190
186 34
187 287
188 257
189 35
190 244
191 39
192 62
193 139
194 37
195 193
196 121
197 155
198 290
199 238
200 46
201 27
202 258
203 109
204 1
205 176
206 92
207 79
208 65
209 240
210 256
211 146
212 98
213 168
214 5
215 180
216 170
217 78
218 172
219 125
220 246
221 283
222 245
223 129
224 19
225 33
226 204
227 103
228 91
229 48
230 285
231 102
232 72
233 135
234 200
235 216
236 3
237 183
238 154
239 41
240 58
241 165
242 197
243 51
244 94
245 199
246 7
247 252
248 136
249 101
250 264
251 175
252 114
253 247
254 137
255 250
256 110
257 122
258 77
259 57
260 71
261 237
262 219
263 205
264 24
265 208
266 249
267 218
268 60
269 49
270 233
271 266
272 231
273 267
274 68
275 22
276 28
277 253
278 273
279 259
280 177
281 156
282 117
283 226
284 145
285 133
286 270
287 107
288 225
289 198
290 69
291 279
292 277
293 14
52 13
24 10
32 0
35 33
63 6
20 0
41 35
20 8
6 10
10 14
30 31
18 1
3 3
24 15
2 2
15 15
7 79
10 36
2 0
17 61
23 10
10 48
39 19
36 45
88 7
3 0
72 1
9 46
11 4
0 12
24 16
26 0
29 49
5 9
43 29
52 10
21 53
24 23
7 30
2 11
35 64
9 82
44 5
71 29
81 11
14 11
21 13
13 58
16 59
8 17
16 13
27 24
28 22
3 47
4 2
25 57
86 4
20 2
34 52
0 1
8 23
1 3
32 20
24 11
19 61
41 30
21 43
12 4
59 21
39 27
28 31
58 27
4 6
27 2
0 9
21 8
17 10
41 24
23 26
14 46
29 45
18 3
16 9
37 39
17 32
18 70
6 19
79 15
81 4
30 5
62 18
4 12
21 7
25 47
9 88
33 55
7 15
30 9
59 7
15 10
35 57
19 20
2 90
0 4
12 6
26 73
26 16
30 26
11 19
6 65
10 2
1 0
0 1
34 0
10 6
1 10
0 0
51 48
4 3
3 0
12 71
3 53
20 16
10 2
31 58
3 8
4 0
7 21
20 19
2 38
34 56
2 0
1 2
15 46
58 8
15 0
2 18
4 47
18 53
2 4
31 63
42 10
39 59
35 29
56 3
20 77
2 33
20 6
75 22
23 66
6 0
2 6
66 2
22 39
0 46
20 8
26 34
1 26
26 34
55 9
0 39
2 6
25 23
9 73
35 38
3 2
10 21
32 4
19 52
19 25
3 4
37 34
26 61
3 20
26 40
8 1
13 53
79 19
12 28
41 39
57 21
19 67
67 19
47 48
40 33
43 20
5 14
20 45
16 22
0 2
22 14
38 0
8 2
9 0
2 8
26 66
20 76
29 25
6 13
4 3
18 8
12 33
19 14
37 38
8 53
20 72
2 2
13 33
3 19
23 4
41 24
39 15
45 34
39 58
6 22
6 8
5 3
10 27
27 34
1 2
25 45
14 41
53 33
15 42
18 1
45 34
14 51
22 44
50 24
7 15
9 15
12 40
21 16
28 69
3 1
2 8
20 54
15 2
52 11
33 62
13 34
25 48
4 75
46 49
29 10
3 1
6 3
64 35
59 37
23 75
15 11
13 0
0 37
24 45
54 16
6 2
15 27
23 58
4 1
8 13
47 11
41 24
3 30
38 27
10 39
5 18
39 6
1 57
53 22
2 3
10 30
36 15
27 14
2 23
34 26
62 21
33 18
51 9
29 29
18 39
33 11
15 5
16 0
38 39
1 0
3 0
12 87
23 33
80 8
11 39
59 4
45 46
45 7
788
2 302
3 609
4 598
5 758
6 275
7 136
8 420
9 345
10 235
11 37
12 513
13 224
14 86
15 650
16 176
17 741
18 353
19 546
20 303
21 545
22 121
23 697
24 640
25 522
26 227
27 505
28 7
29 159
30 135
31 104
32 583
33 495
34 384
35 689
36 261
37 299
38 185
39 402
40 29
41 392
42 568
43 451
44 139
45 533
46 22
47 236
48 768
49 437
50 190
51 359
52 14
53 94
54 548
55 665
56 755
57 365
58 519
59 279
60 766
61 657
62 589
63 9
64 343
65 247
66 597
67 537
68 508
69 618
70 74
71 566
72 553
73 762
74 386
75 240
76 422
77 538
78 321
79 490
80 629
81 363
82 214
83 745
84 376
85 334
86 320
87 316
88 691
89 590
90 331
91 338
92 194
93 220
94 455
95 487
96 405
97 498
98 644
99 201
100 605
101 92
102 223
103 536
104 132
105 84
106 561
107 478
108 573
109 150
110 479
111 178
112 680
113 184
114 32
115 177
116 429
117 615
118 406
119 169
120 563
121 168
122 200
123 730
124 543
125 272
126 282
127 181
128 367
129 637
130 484
131 254
132 111
133 660
134 19
135 144
136 410
137 222
138 669
139 617
140 653
141 577
142 397
143 328
144 264
145 707
146 285
147 119
148 89
149 714
150 346
151 434
152 634
153 531
154 547
155 642
156 518
157 784
158 24
159 113
160 27
161 350
162 780
163 250
164 613
165 497
166 263
167 64
168 312
169 556
170 643
171 447
172 238
173 383
174 781
175 664
176 368
177 107
178 622
179 330
180 542
181 118
182 211
183 446
184 604
185 747
186 509
187 149
188 779
189 774
190 581
191 438
192 684
193 594
194 154
195 749
196 763
197 686
198 585
199 728
200 395
201 165
202 700
203 369
204 50
205 539
206 562
207 18
208 732
209 751
210 246
211 699
212 17
213 557
214 123
215 70
216 2
217 554
218 189
219 276
220 616
221 441
222 245
223 713
224 767
225 260
226 415
227 712
228 241
229 318
230 206
231 102
232 404
233 85
234 769
235 172
236 524
237 496
238 103
239 277
240 291
241 459
242 619
243 3
244 759
245 6
246 205
247 143
248 743
249 187
250 266
251 106
252 157
253 603
254 355
255 287
256 765
257 234
258 219
259 620
260 124
261 116
262 349
263 443
264 81
265 42
266 53
267 701
268 421
269 204
270 472
271 445
272 477
273 317
274 575
275 55
276 218
277 314
278 527
279 237
280 40
281 587
282 775
283 461
284 83
285 197
286 592
287 467
288 315
289 271
290 199
291 552
292 572
293 735
294 259
295 323
296 725
297 381
298 413
299 23
300 694
301 294
302 361
303 156
304 167
305 80
306 635
307 170
308 534
309 322
310 28
311 687
312 396
313 231
314 742
315 418
316 142
317 698
318 290
319 711
320 430
321 158
322 244
323 399
324 82
325 540
326 274
327 678
328 507
329 726
330 679
331 288
332 360
333 606
334 530
335 336
336 739
337 626
338 535
339 720
340 756
341 681
342 648
343 76
344 57
345 58
346 398
347 560
348 457
349 12
350 56
351 382
352 120
353 98
354 21
355 737
356 133
357 387
358 412
359 191
360 494
361 34
362 242
363 466
364 462
365 723
366 721
367 112
368 251
369 788
370 778
371 313
372 623
373 72
374 297
375 340
376 499
377 440
378 36
379 515
380 319
381 662
382 760
383 558
384 692
385 607
386 608
387 379
388 401
389 651
390 280
391 428
392 16
393 500
394 685
395 510
396 468
397 638
398 754
399 105
400 20
401 52
402 173
403 333
404 738
405 703
406 579
407 212
408 469
409 31
410 147
411 733
412 601
413 452
414 153
415 514
416 207
417 419
418 216
419 75
420 624
421 351
422 744
423 614
424 4
425 262
426 724
427 239
428 673
429 25
430 283
431 146
432 324
433 659
434 470
435 108
436 599
437 59
438 378
439 460
440 750
441 782
442 1
443 671
444 62
445 374
446 442
447 777
448 109
449 145
450 773
451 435
452 342
453 571
454 682
455 100
456 565
457 661
458 257
459 761
460 134
461 253
462 670
463 362
464 278
465 202
466 164
467 114
468 549
469 249
470 628
471 110
472 702
473 709
474 503
475 431
476 358
477 209
478 131
479 424
480 179
481 148
482 776
483 489
484 647
485 79
486 229
487 463
488 512
489 474
490 427
491 43
492 541
493 8
494 516
495 416
496 526
497 127
498 49
499 649
500 155
501 48
502 719
503 193
504 612
505 786
506 298
507 501
508 595
509 174
510 425
511 341
512 364
513 289
514 295
515 757
516 764
517 301
518 655
519 226
520 292
521 454
522 73
523 171
524 13
525 591
526 71
527 38
528 736
529 385
530 785
531 96
532 716
533 192
534 555
535 293
536 326
537 90
538 456
539 284
540 101
541 432
542 91
543 310
544 195
545 63
546 213
547 646
548 203
549 409
550 688
551 51
552 444
553 252
554 473
555 54
556 746
557 305
558 582
559 632
560 481
561 475
562 68
563 248
564 663
565 667
566 115
567 188
568 270
569 286
570 311
571 394
572 676
573 683
574 593
575 130
576 45
577 578
578 126
579 347
580 377
581 47
582 87
583 704
584 66
585 61
586 160
587 356
588 706
589 151
590 491
591 517
592 787
593 344
594 729
595 621
596 255
597 300
598 77
599 450
600 464
601 668
602 389
603 610
604 39
605 230
606 654
607 267
608 731
609 488
610 636
611 375
612 525
613 574
614 357
615 674
616 225
617 652
618 559
619 550
620 584
621 256
622 544
623 486
624 695
625 348
626 677
627 625
628 656
629 306
630 403
631 339
632 208
633 567
634 485
635 772
636 639
637 99
638 502
639 480
640 265
641 88
642 717
643 740
644 439
645 366
646 748
647 506
648 453
649 520
650 710
651 627
652 672
653 128
654 304
655 163
656 388
657 243
658 551
659 570
660 580
661 493
662 93
663 26
664 308
665 337
666 152
667 529
668 35
669 611
670 380
671 215
672 400
673 137
674 69
675 198
676 67
677 511
678 586
679 532
680 411
681 281
682 448
683 666
684 433
685 46
686 391
687 705
688 182
689 675
690 78
691 183
692 408
693 117
694 15
695 180
696 60
697 373
698 722
699 523
700 436
701 296
702 161
703 44
704 5
705 727
706 335
707 372
708 186
709 307
710 458
711 414
712 576
713 33
714 718
715 332
716 210
717 129
718 696
719 268
720 528
721 232
722 708
723 371
724 753
725 521
726 492
727 630
728 175
729 482
730 41
731 162
732 166
733 734
734 95
735 138
736 770
737 65
738 97
739 752
740 390
741 569
742 370
743 354
744 393
745 10
746 693
747 228
748 426
749 329
750 783
751 476
752 771
753 141
754 564
755 633
756 233
757 221
758 465
759 269
760 309
761 30
762 11
763 449
764 690
765 122
766 658
767 352
768 715
769 483
770 273
771 471
772 140
773 258
774 325
775 596
776 417
777 588
778 600
779 423
780 217
781 125
782 645
783 196
784 407
785 602
786 327
787 641
788 631
28 31
2 3
53 31
1 29
0 46
0 78
4 48
8 28
45 25
15 2
18 76
30 21
19 10
21 76
28 38
3 2
5 11
2 14
92 6
40 19
57 14
19 7
20 17
12 46
3 5
10 1
1 5
21 10
2 15
10 66
6 3
34 9
7 4
0 17
45 1
26 3
15 19
0 16
46 33
29 0
61 9
30 23
29 45
0 0
1 0
4 44
1 25
22 41
25 44
5 2
58 5
22 66
5 53
0 16
3 60
52 0
13 12
18 42
21 77
66 27
10 14
10 68
35 15
4 44
22 25
22 32
0 19
6 11
13 37
42 5
52 15
11 20
34 24
86 6
4 1
11 24
13 18
0 1
35 45
8 18
16 71
71 23
38 17
86 3
29 62
27 31
15 66
4 2
88 11
2 3
12 3
2 0
10 14
44 37
50 12
45 15
4 14
38 38
10 3
27 8
28 35
7 60
29 70
19 59
23 11
4 9
54 32
30 42
17 49
10 36
14 13
8 9
81 7
22 9
7 56
11 0
46 4
49 12
38 1
9 57
2 9
4 6
39 1
1 0
1 74
43 55
41 43
0 0
39 61
61 1
37 2
63 26
4 4
12 84
7 38
49 19
9 83
23 10
61 33
0 6
18 55
32 59
1 20
11 3
53 6
29 54
18 10
3 26
14 23
29 25
48 5
80 19
41 42
31 56
0 1
37 2
6 3
8 13
15 50
3 11
32 12
36 38
16 35
37 49
16 38
15 73
15 19
36 0
8 10
41 4
26 15
2 9
3 8
36 18
10 67
35 8
17 2
0 3
0 54
4 0
19 14
3 1
4 81
31 17
19 48
40 56
35 33
10 3
68 20
9 0
30 13
21 16
6 18
59 34
2 60
17 15
55 38
4 3
61 21
6 33
8 13
7 56
18 73
35 47
13 37
27 20
14 30
16 64
42 57
20 24
16 21
3 6
1 37
19 37
27 22
5 22
12 12
0 18
62 22
10 5
47 53
13 12
9 16
37 21
5 33
17 59
22 57
65 1
1 93
41 24
7 19
7 4
25 6
37 31
44 12
17 30
2 77
42 1
47 36
65 29
6 52
22 8
24 43
67 28
66 12
2 0
27 26
31 6
50 4
3 43
17 40
7 37
2 3
9 2
5 76
3 8
25 48
31 32
52 8
4 2
27 19
76 4
1 27
48 6
5 5
41 45
11 46
16 31
27 53
5 5
70 18
9 7
47 51
27 72
75 23
20 69
45 21
21 69
2 8
37 9
28 47
31 30
57 21
13 49
11 27
9 24
24 4
34 52
11 11
20 80
8 62
19 30
14 7
10 41
15 12
0 0
19 15
26 73
1 5
9 45
4 38
34 34
54 20
15 3
8 16
23 51
12 7
8 92
18 9
76 6
31 54
76 22
58 24
2 8
11 0
38 0
49 8
74 15
8 28
12 4
44 19
21 2
20 32
55 1
78 19
59 38
47 36
6 1
32 34
17 3
6 61
17 2
7 40
4 63
78 14
15 17
44 34
0 6
31 55
42 13
1 17
9 0
15 74
4 0
39 0
50 28
41 18
82 12
12 41
15 71
54 14
2 3
90 0
15 36
29 0
58 7
15 39
2 71
42 35
20 34
60 20
16 28
21 31
59 1
22 20
55 43
36 22
5 65
41 26
2 7
1 28
13 49
28 37
24 15
0 30
41 27
45 55
1 8
4 13
4 51
22 5
11 12
2 3
8 10
71 19
4 1
4 52
2 37
46 26
0 42
9 17
28 24
23 15
15 14
14 24
34 38
37 58
1 11
66 0
9 13
81 8
47 29
13 48
15 22
55 13
7 37
18 5
5 51
34 48
3 28
70 19
29 12
5 10
19 4
90 8
6 50
30 30
25 67
28 15
11 19
34 43
8 8
7 7
60 20
36 37
40 28
1 23
33 51
0 7
66 21
57 18
32 12
27 23
26 61
8 6
23 19
0 7
2 0
42 32
6 6
32 39
10 37
30 8
35 46
32 57
4 10
21 7
90 9
13 4
0 3
50 41
14 29
41 18
12 1
4 9
2 35
21 70
9 9
13 32
38 53
93 0
25 5
14 78
44 38
36 0
33 47
23 77
37 14
7 36
54 35
2 8
48 2
5 48
3 37
34 64
34 0
47 22
72 2
0 1
1 0
20 7
0 99
3 15
29 46
4 27
18 59
7 86
4 11
58 21
18 12
4 38
49 18
3 7
17 46
4 15
23 24
65 3
6 18
24 25
38 32
25 29
0 68
9 16
9 4
0 1
0 0
68 23
27 61
15 11
4 84
0 0
14 63
3 4
14 33
3 25
40 2
17 25
4 34
70 12
5 10
6 24
44 19
0 49
8 41
48 36
5 1
21 45
27 47
29 57
60 10
14 60
0 28
58 28
72 0
90 0
66 18
25 36
9 1
2 1
43 4
85 12
18 16
9 21
2 79
6 49
12 8
67 18
22 6
45 1
13 84
0 7
12 59
74 16
6 2
42 23
57 12
8 40
10 13
43 47
58 17
18 22
84 1
1 50
3 73
74 1
57 8
1 8
38 54
0 0
47 28
42 6
69 26
74 8
39 3
8 10
77 17
35 21
36 7
75 13
1 6
30 63
8 5
6 23
7 31
1 63
38 31
14 10
46 18
56 29
66 15
46 39
39 57
8 21
16 3
38 53
20 78
5 19
14 21
2 10
33 30
2 8
17 0
55 13
22 29
65 8
45 44
12 13
1 1
1 5
30 46
0 3
50 14
16 35
1 0
6 36
63 34
8 19
33 17
0 25
2 19
22 73
28 24
10 14
23 13
16 1
57 30
30 8
39 49
5 8
11 35
22 71
75 11
52 22
59 29
50 24
21 66
12 15
5 11
0 34
34 65
16 8
47 51
50 37
15 56
36 18
15 9
1 6
21 36
86 13
4 51
42 47
20 1
72 20
69 24
35 9
7 34
66 23
25 11
35 0
73 2
18 70
73 1
16 4
17 68
1 8
8 3
50 16
2 75
44 37
11 23
12 25
3 13
27 49
1 25
34 14
4 7
31 42
39 52
45 4
15 28
44 53
0 75
26 0
39 57
19 15
11 23
10 8
22 2
3 3
25 11
10 18
41 26
4 36
7 32
2 0
28 19
48 24
88 3
86 12
20 74
1 47
60 24
35 40
27 18
73 4
39 48
5 39
31 16
49 5
1 8
29 70
28 40
75 10
20 6
0 15
19 76
9 25
72 13
36 49
5 13
11 2
24 57
26 45
21 71
58 3
0 16
5 3
10 45
14 7
5 4
11 2
51 48
7 0
99 0
4 3
28 47
5 20
3 90
20 18
80 8
48 6
37 54
2 22
2 5
21 73
32 14
58 42
78 2
8 88
59 6
58 12
88 4
28 43
17 35
85 11
31 25
9 33
2 83
61 29
41 43
3 10
2 12
58 22
39 37
68 5
20 32
48 1
34 50
6 2
45 26
28 4
63 17
1 19
0 10
0 0
29 48
59 27
0 3
17 51
7 50
8 34
68 16
23 34
1 78
17 49
1 29
25 32
59 17
950
2 920
3 749
4 883
5 155
6 454
7 642
8 708
9 534
10 786
11 500
12 324
13 102
14 903
15 61
16 857
17 218
18 259
19 17
20 537
21 832
22 136
23 90
24 776
25 428
26 81
27 120
28 51
29 763
30 149
31 714
32 382
33 570
34 419
35 801
36 11
37 874
38 227
39 661
40 666
41 550
42 258
43 378
44 940
45 341
46 649
47 156
48 912
49 926
50 181
51 263
52 160
53 78
54 25
55 329
56 825
57 124
58 451
59 361
60 432
61 93
62 320
63 660
64 794
65 740
66 260
67 173
68 295
69 190
70 641
71 836
72 26
73 782
74 336
75 546
76 460
77 843
78 490
79 462
80 587
81 50
82 594
83 28
84 139
85 211
86 572
87 108
88 404
89 171
90 182
91 140
92 13
93 807
94 651
95 309
96 248
97 397
98 615
99 633
100 123
101 275
102 65
103 586
104 62
105 735
106 865
107 241
108 771
109 104
110 669
111 436
112 514
113 739
114 92
115 381
116 58
117 402
118 875
119 121
120 917
121 723
122 4
123 847
124 720
125 506
126 758
127 184
128 704
129 828
130 337
131 64
132 599
133 363
134 829
135 388
136 138
137 695
138 466
139 339
140 398
141 605
142 73
143 374
144 119
145 509
146 567
147 118
148 495
149 202
150 748
151 291
152 787
153 176
154 284
155 579
156 619
157 49
158 294
159 71
160 399
161 838
162 744
163 311
164 254
165 802
166 862
167 533
168 606
169 849
170 742
171 881
172 820
173 638
174 312
175 55
176 871
177 306
178 769
179 351
180 681
181 879
182 101
183 772
184 430
185 228
186 411
187 185
188 760
189 746
190 352
191 680
192 301
193 477
194 611
195 870
196 889
197 717
198 471
199 691
200 616
201 804
202 826
203 543
204 69
205 154
206 457
207 671
208 780
209 247
210 231
211 622
212 452
213 816
214 54
215 343
216 815
217 492
218 850
219 488
220 887
221 541
222 600
223 134
224 183
225 732
226 167
227 908
228 83
229 560
230 789
231 770
232 812
233 179
234 340
235 489
236 177
237 117
238 272
239 915
240 46
241 795
242 686
243 901
244 223
245 299
246 335
247 99
248 187
249 694
250 750
251 553
252 779
253 562
254 577
255 389
256 261
257 195
258 817
259 653
260 22
261 949
262 293
263 497
264 172
265 684
266 888
267 1
268 791
269 761
270 422
271 257
272 252
273 709
274 86
275 84
276 598
277 515
278 356
279 296
280 670
281 380
282 663
283 346
284 715
285 593
286 264
287 24
288 576
289 3
290 728
291 632
292 896
293 692
294 96
295 34
296 818
297 705
298 747
299 503
300 143
301 415
302 733
303 206
304 906
305 626
306 623
307 512
308 239
309 37
310 32
311 137
312 215
313 813
314 716
315 608
316 722
317 584
318 657
319 245
320 212
321 48
322 745
323 945
324 677
325 279
326 930
327 853
328 105
329 894
330 152
331 943
332 873
333 383
334 146
335 132
336 863
337 98
338 726
339 625
340 655
341 476
342 130
343 578
344 948
345 831
346 868
347 475
348 168
349 165
350 52
351 710
352 439
353 929
354 433
355 939
356 128
357 63
358 580
359 934
360 75
361 923
362 854
363 464
364 240
365 408
366 493
367 265
368 133
369 131
370 778
371 29
372 505
373 82
374 283
375 35
376 107
377 386
378 159
379 287
380 946
381 316
382 278
383 563
384 925
385 465
386 803
387 808
388 799
389 326
390 784
391 654
392 94
393 285
394 106
395 844
396 308
397 777
398 330
399 417
400 935
401 288
402 527
403 331
404 30
405 890
406 85
407 161
408 927
409 834
410 31
411 502
412 103
413 232
414 755
415 718
416 805
417 851
418 855
419 910
420 366
421 683
422 891
423 552
424 180
425 100
426 858
427 42
428 845
429 243
430 697
431 523
432 144
433 289
434 860
435 639
436 444
437 174
438 609
439 519
440 783
441 734
442 922
443 197
444 508
445 19
446 251
447 792
448 754
449 27
450 924
451 676
452 236
453 700
454 59
455 613
456 928
457 861
458 342
459 405
460 338
461 921
462 573
463 532
464 479
465 592
466 125
467 762
468 665
469 328
470 281
471 256
472 895
473 221
474 675
475 501
476 571
477 198
478 298
479 321
480 230
481 364
482 480
483 21
484 410
485 530
486 188
487 796
488 447
489 517
490 323
491 933
492 412
493 624
494 774
495 23
496 409
497 344
498 703
499 315
500 882
501 368
502 407
503 233
504 839
505 448
506 701
507 941
508 814
509 376
510 759
511 317
512 163
513 126
514 310
515 672
516 6
517 244
518 678
519 706
520 885
521 44
522 426
523 864
524 377
525 442
526 246
527 463
528 852
529 199
530 713
531 319
532 250
533 414
534 435
535 486
536 392
537 400
538 766
539 561
540 693
541 367
542 450
543 607
544 379
545 504
546 446
547 249
548 876
549 418
550 938
551 687
552 725
553 273
554 905
555 590
556 529
557 673
558 542
559 809
560 353
561 620
562 474
563 224
564 70
565 886
566 472
567 842
568 731
569 148
570 95
571 429
572 485
573 297
574 142
575 362
576 595
577 110
578 520
579 360
580 522
581 47
582 510
583 277
584 467
585 662
586 292
587 327
588 893
589 253
590 286
591 556
592 113
593 7
594 507
595 819
596 869
597 711
598 196
599 369
600 60
601 371
602 644
603 800
604 459
605 936
606 438
607 458
608 74
609 413
610 189
611 33
612 491
613 314
614 421
615 637
616 518
617 423
618 305
619 111
620 682
621 157
622 441
623 646
624 656
625 427
626 643
627 481
628 768
629 38
630 205
631 347
632 271
633 719
634 658
635 539
636 785
637 775
638 942
639 919
640 918
641 793
642 290
643 798
644 45
645 76
646 87
647 538
648 66
649 628
650 357
651 823
652 583
653 867
654 282
655 150
656 109
657 548
658 9
659 880
660 621
661 234
662 589
663 737
664 685
665 469
666 304
667 416
668 810
669 274
670 756
671 129
672 456
673 496
674 89
675 688
676 730
677 892
678 300
679 303
680 931
681 406
682 135
683 884
684 679
685 557
686 425
687 115
688 610
689 647
690 582
691 36
692 767
693 345
694 640
695 833
696 932
697 950
698 650
699 122
700 699
701 797
702 664
703 630
704 262
705 387
706 280
707 916
708 743
709 313
710 235
711 420
712 551
713 334
714 525
715 322
716 848
717 390
718 581
719 468
720 219
721 859
722 238
723 811
724 564
725 79
726 68
727 67
728 830
729 547
730 216
731 424
732 648
733 902
734 618
735 431
736 617
737 332
738 627
739 270
740 822
741 634
742 209
743 558
744 635
745 162
746 40
747 914
748 80
749 601
750 712
751 907
752 147
753 355
754 473
755 434
756 604
757 91
758 659
759 913
760 192
761 788
762 568
763 878
764 602
765 5
766 499
767 325
768 516
769 806
770 214
771 668
772 603
773 707
774 585
775 738
776 307
777 900
778 482
779 689
780 449
781 127
782 204
783 566
784 354
785 222
786 559
787 186
788 226
789 302
790 193
791 164
792 242
793 614
794 827
795 57
796 276
797 53
798 201
799 396
800 757
801 358
802 487
803 77
804 636
805 821
806 841
807 391
808 765
809 597
810 575
811 39
812 470
813 536
814 773
815 753
816 229
817 166
818 333
819 690
820 824
821 724
822 207
823 213
824 372
825 170
826 200
827 217
828 596
829 494
830 498
831 937
832 43
833 478
834 569
835 837
836 835
837 116
838 461
839 365
840 267
841 612
842 158
843 526
844 484
845 698
846 266
847 18
848 401
849 947
850 764
851 72
852 528
853 521
854 702
855 667
856 141
857 153
858 899
859 403
860 348
861 645
862 781
863 395
864 191
865 175
866 445
867 877
868 652
869 2
870 513
871 721
872 555
873 790
874 752
875 220
876 540
877 393
878 20
879 203
880 437
881 483
882 531
883 385
884 169
885 14
886 591
887 375
888 359
889 674
890 318
891 511
892 178
893 898
894 535
895 736
896 255
897 545
898 15
899 565
900 904
901 114
902 443
903 151
904 394
905 629
906 225
907 554
908 911
909 944
910 384
911 370
912 524
913 208
914 12
915 350
916 866
917 909
918 631
919 453
920 440
921 237
922 856
923 10
924 727
925 544
926 268
927 897
928 16
929 112
930 729
931 751
932 455
933 41
934 194
935 56
936 97
937 696
938 588
939 741
940 840
941 549
942 8
943 145
944 349
945 574
946 88
947 872
948 269
949 210
950 373
81 0
6 29
13 42
4 9
22 68
44 15
3 38
3 67
20 2
16 30
45 20
17 39
40 18
4 48
12 0
4 14
39 8
49 10
19 13
4 55
2 1
12 46
5 3
9 29
26 19
42 42
27 17
64 31
4 1
52 16
2 43
27 21
48 24
60 22
0 22
7 23
31 63
54 0
71 27
3 17
4 27
0 1
2 21
1 12
15 6
28 43
60 9
7 35
4 12
14 74
75 13
33 62
76 2
29 4
17 16
21 56
2 37
33 66
57 1
43 3
9 78
57 10
1 12
84 10
16 23
60 3
45 32
26 13
23 7
79 16
34 40
35 20
37 6
1 67
35 63
33 28
24 2
13 4
29 53
3 48
52 34
66 19
24 12
22 28
72 13
5 26
9 32
40 24
27 3
17 57
21 1
0 8
69 24
63 15
5 37
60 23
27 44
7 5
20 67
55 9
23 77
0 4
30 35
0 0
9 48
41 5
10 56
7 12
34 64
12 60
11 45
24 20
62 33
1 3
53 3
3 14
69 24
6 8
64 31
35 3
20 5
22 31
67 16
25 58
16 46
59 3
49 30
8 74
26 61
51 32
22 17
6 45
19 76
7 6
64 25
44 23
11 23
79 9
66 10
12 36
2 23
14 5
2 7
56 1
16 59
43 25
13 79
17 35
56 6
20 31
39 27
30 34
13 0
2 22
26 57
11 28
12 84
49 51
46 30
87 7
42 32
70 5
2 1
18 5
34 6
42 3
49 33
47 22
34 41
37 12
25 66
52 16
61 34
87 9
46 47
25 21
0 24
26 48
3 30
0 1
1 58
77 15
67 5
69 12
67 23
85 2
6 4
48 19
28 60
2 51
48 34
4 25
79 3
45 41
38 17
30 9
2 15
56 16
22 41
8 66
92 6
13 27
42 15
40 56
48 33
3 12
31 1
5 0
16 0
32 56
2 22
5 17
1 0
16 2
9 20
35 60
4 37
0 71
8 15
33 1
0 38
13 34
3 34
3 91
5 6
4 0
4 71
5 4
21 18
19 56
23 3
62 34
16 73
13 34
16 37
51 0
4 20
16 12
29 39
16 2
0 6
20 43
78 10
31 18
13 1
33 48
0 0
14 46
18 3
12 21
6 4
33 56
39 47
48 39
0 1
9 41
0 70
27 13
7 30
31 63
35 20
58 12
38 52
41 3
15 7
45 47
0 10
49 1
7 8
0 6
49 35
8 42
17 53
40 27
14 65
63 33
45 41
37 10
3 8
63 19
12 48
36 13
9 5
28 13
1 87
5 3
47 13
1 4
8 35
21 3
23 45
36 22
52 25
61 35
12 21
9 82
79 20
44 17
6 2
10 4
33 47
28 13
0 17
9 76
19 26
41 11
17 59
22 17
0 11
18 6
11 2
4 53
16 50
5 12
52 31
12 70
0 81
2 16
20 10
4 7
22 18
14 10
31 11
3 1
41 1
1 9
69 20
88 2
22 1
71 7
51 42
0 1
41 11
41 8
50 48
35 38
12 54
15 25
33 46
1 4
13 24
47 35
52 38
17 75
38 32
7 18
5 8
29 6
24 44
24 75
11 26
38 4
35 24
26 0
64 21
11 46
1 19
1 64
24 70
0 68
59 37
12 15
0 28
27 20
8 7
17 63
62 14
8 92
5 23
31 44
9 0
61 13
74 14
19 6
8 38
9 17
46 35
42 31
16 24
53 40
22 19
4 3
14 30
40 42
21 30
3 26
40 43
8 10
37 11
0 6
6 3
14 65
8 26
25 8
13 3
33 64
30 30
35 11
30 37
8 21
24 40
9 23
0 25
31 24
33 34
2 78
1 10
47 34
26 48
5 87
28 47
2 18
2 0
22 51
28 62
14 2
56 3
3 75
8 41
3 7
27 10
85 0
8 78
14 36
77 3
12 14
22 46
50 35
5 6
1 42
12 9
30 3
13 0
8 4
12 35
24 18
0 11
59 37
25 66
20 75
0 0
8 73
35 61
3 7
41 4
64 34
13 23
25 4
47 1
17 6
0 15
8 17
30 8
1 58
59 26
23 57
20 35
0 26
72 10
68 1
4 14
82 16
3 9
59 29
50 3
36 42
23 8
26 9
3 8
35 64
9 2
37 37
2 3
0 14
3 9
45 43
0 15
0 77
32 33
63 32
33 14
13 43
3 3
59 38
55 9
34 33
42 3
0 51
89 10
17 5
39 44
4 24
29 63
33 13
2 43
0 9
0 35
9 20
0 0
2 78
3 1
6 32
0 23
12 4
35 4
2 3
5 0
25 59
46 16
1 0
4 35
66 0
16 4
10 31
33 20
7 7
26 25
38 30
81 14
11 50
25 7
44 48
14 0
39 26
8 86
8 53
13 24
2 14
29 6
19 24
5 5
34 44
15 22
4 35
4 6
27 13
71 7
8 22
18 66
64 5
19 11
13 55
70 28
2 1
7 3
71 27
12 12
56 4
11 0
0 0
5 12
26 56
38 15
7 58
32 56
3 10
59 22
8 83
5 78
9 74
4 3
0 19
5 21
9 23
19 16
32 20
29 51
28 45
20 9
38 3
75 7
12 77
5 8
19 3
29 61
11 49
14 56
3 1
3 5
51 27
22 17
17 19
16 12
14 64
14 10
6 2
27 32
9 22
55 0
80 14
5 3
4 23
6 7
16 4
7 54
64 23
10 3
2 0
16 42
16 17
11 13
13 3
0 56
67 1
5 9
1 2
47 19
13 40
10 87
24 58
8 9
10 83
1 2
9 47
25 0
5 17
60 28
7 57
69 25
42 43
30 14
9 10
22 45
30 50
57 6
0 3
44 49
28 62
6 34
11 29
19 33
7 11
67 6
15 50
34 5
29 56
18 6
42 17
27 50
10 13
27 72
55 40
38 0
3 1
6 35
5 15
64 2
4 7
37 27
28 27
19 20
44 1
20 18
31 9
24 5
16 29
47 28
12 77
3 6
95 1
14 5
0 46
86 2
0 35
3 1
48 5
7 81
23 40
34 57
3 25
2 2
23 33
17 1
26 5
11 29
19 20
19 1
18 4
2 1
17 13
9 41
5 7
34 25
15 19
1 5
1 3
13 20
4 6
51 8
14 4
23 22
23 18
2 73
45 13
7 9
17 6
72 0
34 11
26 7
34 15
44 19
23 48
10 13
46 34
10 42
0 46
18 37
1 40
2 20
48 30
21 33
4 13
1 8
28 28
11 45
7 2
38 15
13 1
25 39
6 77
60 19
6 8
11 45
90 5
4 18
13 58
66 12
1 0
4 1
11 8
1 32
4 7
27 14
24 32
2 2
62 20
5 49
25 57
8 43
4 88
54 20
36 32
96 4
3 12
36 48
18 13
11 85
9 42
2 46
21 11
40 33
9 36
42 45
22 9
3 5
19 16
41 33
1 19
40 25
37 18
11 3
71 2
2 18
19 65
0 7
0 1
15 6
40 3
13 19
30 7
15 44
74 4
2 6
31 21
5 8
18 2
14 36
5 41
8 14
39 19
22 60
0 16
0 18
2 4
47 11
85 5
0 14
7 68
22 23
29 5
55 8
1 0
50 37
1 37
5 1
49 43
54 22
35 53
0 0
86 11
6 10
28 29
58 3
56 26
21 78
20 62
11 24
0 4
31 62
0 0
18 41
3 21
4 76
3 14
5 2
32 63
45 2
19 13
29 10
2 2
2 3
5 11
30 2
15 67
10 51
45 25
53 17
8 16
35 49
18 2
19 41
35 46
34 38
16 77
45 31
2 2
15 6
31 28
30 7
24 8
41 47
0 4
8 43
62 32
89 2
30 19
1 12
22 7
3 24
1 80
16 23
10 27
3 10
32 5
6 85
23 35
38 0
42 3
56 9
21 74
9 22
24 0
8 19
0 14
56 41
34 0
7 21
10 4
0 6
20 58
30 28
22 42
67 11
0 0
49 15
9 37
73 9
4 1
38 48
76 7
6 35
81 9
19 74
22 29
53 41
0 1
91 7
14 0
55 1
15 2
35 47
31 29
0 0
17 0
12 7
3 1
10 76
61 30
0 5
2 9
22 65
11 88
35 23
15 50
12 12
29 25
27 72
23 71
1 1
12 0
18 78
11 8
16 4
60 20
0 0
49 11
17 33
3 34
13 69
3 24
1 2
22 41
51 25
3 18
8 54
20 3
12 7
44 14
25 13
80 14
7 13
6 15
24 54
39 18
9 81
3 4
19 8
2 6
18 48
26 35
16 62
2 6
13 71
1 66
56 4
38 56
5 79
49 5
5 58
17 18
867
2 589
3 605
4 749
5 697
6 358
7 12
8 401
9 121
10 580
11 473
12 213
13 735
14 97
15 381
16 656
17 747
18 723
19 711
20 224
21 497
22 48
23 485
24 867
25 9
26 781
27 435
28 374
29 229
30 518
31 309
32 276
33 275
34 98
35 96
36 490
37 679
38 205
39 753
40 627
41 38
42 400
43 99
44 354
45 837
46 695
47 53
48 744
49 819
50 211
51 52
52 743
53 724
54 242
55 690
56 253
57 1
58 55
59 814
60 444
61 3
62 305
63 317
64 768
65 681
66 843
67 560
68 355
69 173
70 696
71 811
72 331
73 771
74 475
75 780
76 380
77 447
78 456
79 249
80 66
81 668
82 105
83 671
84 863
85 187
86 214
87 153
88 575
89 853
90 505
91 672
92 188
93 156
94 865
95 293
96 551
97 705
98 209
99 466
100 372
101 603
102 134
103 180
104 18
105 792
106 133
107 443
108 426
109 371
110 338
111 117
112 864
113 349
114 736
115 524
116 523
117 417
118 314
119 369
120 678
121 493
122 375
123 740
124 245
125 614
126 217
127 750
128 194
129 784
130 422
131 267
132 685
133 170
134 827
135 674
136 168
137 296
138 392
139 831
140 366
141 149
142 171
143 257
144 625
145 809
146 177
147 244
148 159
149 818
150 714
151 346
152 542
153 669
154 546
155 62
156 766
157 460
158 620
159 694
160 91
161 201
162 236
163 756
164 800
165 142
166 709
167 570
168 772
169 437
170 526
171 550
172 653
173 440
174 207
175 243
176 301
177 88
178 803
179 268
180 629
181 282
182 751
183 645
184 222
185 337
186 805
187 148
188 61
189 284
190 470
191 258
192 454
193 640
194 326
195 647
196 733
197 368
198 228
199 495
200 10
201 70
202 350
203 508
204 175
205 383
206 838
207 127
208 728
209 221
210 558
211 35
212 321
213 516
214 425
215 4
216 65
217 252
218 64
219 295
220 463
221 406
222 365
223 592
224 143
225 492
226 428
227 680
228 299
229 272
230 112
231 624
232 220
233 494
234 193
235 452
236 208
237 151
238 559
239 136
240 791
241 480
242 254
243 402
244 571
245 59
246 44
247 87
248 367
249 364
250 69
251 720
252 731
253 555
254 427
255 500
256 718
257 446
258 866
259 131
260 822
261 722
262 120
263 462
264 283
265 862
266 145
267 813
268 16
269 582
270 320
271 240
272 181
273 529
274 746
275 595
276 774
277 50
278 285
279 441
280 251
281 675
282 455
283 855
284 424
285 139
286 637
287 617
288 438
289 664
290 842
291 641
292 504
293 79
294 288
295 307
296 737
297 27
298 654
299 219
300 606
301 857
302 741
303 387
304 169
305 484
306 266
307 315
308 322
309 125
310 782
311 379
312 54
313 661
314 544
315 755
316 113
317 340
318 503
319 676
320 335
321 360
322 839
323 758
324 738
325 184
326 74
327 794
328 684
329 677
330 639
331 60
332 572
333 598
334 2
335 312
336 289
337 763
338 420
339 628
340 135
341 708
342 499
343 739
344 328
345 104
346 777
347 361
348 762
349 345
350 850
351 574
352 618
353 395
354 226
355 457
356 351
357 600
358 770
359 851
360 576
361 476
362 833
363 861
364 57
365 602
366 765
367 636
368 89
369 332
370 248
371 223
372 51
373 451
374 611
375 106
376 347
377 597
378 525
379 330
380 423
381 608
382 662
383 693
384 533
385 318
386 316
387 389
388 683
389 532
390 854
391 84
392 702
393 496
394 21
395 527
396 157
397 752
398 269
399 90
400 80
401 167
402 742
403 370
404 646
405 14
406 138
407 109
408 510
409 840
410 445
411 82
412 727
413 20
414 179
415 73
416 643
417 836
418 29
419 825
420 471
421 491
422 619
423 123
424 162
425 102
426 665
427 633
428 234
429 464
430 292
431 404
432 534
433 650
434 385
435 789
436 388
437 405
438 286
439 163
440 745
441 37
442 562
443 834
444 215
445 300
446 521
447 812
448 154
449 487
450 40
451 81
452 297
453 431
454 846
455 418
456 651
457 859
458 594
459 101
460 32
461 593
462 826
463 119
464 797
465 30
466 583
467 111
468 13
469 103
470 200
471 658
472 126
473 313
474 596
475 511
476 689
477 541
478 557
479 39
480 621
481 501
482 434
483 667
484 265
485 218
486 538
487 450
488 623
489 150
490 698
491 15
492 807
493 186
494 469
495 363
496 808
497 459
498 158
499 793
500 642
501 270
502 386
503 308
504 287
505 472
506 488
507 107
508 71
509 725
510 75
511 271
512 591
513 734
514 239
515 584
516 716
517 238
518 481
519 604
520 657
521 344
522 442
523 241
524 397
525 513
526 178
527 520
528 260
529 396
530 539
531 28
532 25
533 183
534 8
535 306
536 172
537 182
538 828
539 342
540 414
541 613
542 216
543 567
544 86
545 528
546 429
547 45
548 302
549 806
550 124
551 393
552 585
553 531
554 359
555 579
556 729
557 197
558 830
559 329
560 776
561 36
562 717
563 161
564 631
565 856
566 49
567 719
568 304
569 433
570 325
571 68
572 334
573 130
574 552
575 565
576 764
577 849
578 601
579 273
580 537
581 339
582 638
583 419
584 256
585 666
586 622
587 798
588 844
589 586
590 760
591 5
592 41
593 568
594 195
595 590
596 713
597 94
598 377
599 412
600 56
601 817
602 324
603 547
604 67
605 416
606 845
607 413
608 790
609 152
610 348
611 810
612 545
613 114
614 759
615 841
616 486
617 769
618 549
619 655
620 852
621 700
622 191
623 820
624 95
625 824
626 478
627 291
628 799
629 465
630 19
631 58
632 22
633 577
634 692
635 835
636 199
637 92
638 141
639 230
640 635
641 804
642 185
643 715
644 587
645 730
646 783
647 556
648 277
649 788
650 298
651 706
652 502
653 165
654 507
655 373
656 785
657 710
658 116
659 553
660 233
661 612
662 548
663 189
664 76
665 512
666 42
667 686
668 707
669 569
670 703
671 858
672 132
673 164
674 280
675 468
676 146
677 33
678 699
679 43
680 670
681 449
682 259
683 83
684 376
685 409
686 235
687 6
688 147
689 31
690 93
691 615
692 278
693 509
694 399
695 352
696 122
697 648
698 262
699 174
700 261
701 573
702 554
703 336
704 461
705 659
706 204
707 663
708 467
709 564
710 26
711 155
712 489
713 778
714 407
715 323
716 644
717 319
718 535
719 17
720 140
721 250
722 341
723 196
724 691
725 436
726 225
727 403
728 7
729 530
730 519
731 421
732 453
733 408
734 632
735 543
736 274
737 311
738 281
739 563
740 795
741 775
742 160
743 581
744 506
745 796
746 303
747 712
748 128
749 482
750 540
751 410
752 721
753 561
754 607
755 166
756 479
757 415
758 660
759 652
760 474
761 630
762 458
763 515
764 616
765 210
766 748
767 357
768 848
769 34
770 362
771 198
772 687
773 356
774 190
775 378
776 290
777 761
778 78
779 310
780 649
781 24
782 115
783 294
784 231
785 634
786 779
787 536
788 767
789 704
790 384
791 227
792 757
793 726
794 327
795 247
796 212
797 498
798 255
799 176
800 439
801 522
802 823
803 821
804 430
805 144
806 688
807 801
808 673
809 110
810 108
811 448
812 599
813 514
814 578
815 829
816 333
817 566
818 754
819 682
820 390
821 23
822 847
823 626
824 610
825 202
826 72
827 382
828 732
829 816
830 391
831 609
832 46
833 432
834 802
835 773
836 279
837 77
838 206
839 787
840 483
841 832
842 394
843 118
844 47
845 129
846 237
847 701
848 588
849 786
850 815
851 264
852 398
853 203
854 860
855 353
856 137
857 411
858 246
859 232
860 11
861 100
862 192
863 343
864 517
865 263
866 63
867 85
42 18
14 11
0 2
12 10
68 21
73 27
35 14
48 0
1 32
46 44
0 12
11 61
46 28
22 3
0 23
6 12
9 34
11 57
67 27
0 61
41 26
7 0
1 1
13 7
33 32
3 89
1 31
11 4
7 2
14 34
40 10
26 8
14 81
1 3
6 56
39 53
32 31
20 6
7 38
50 20
8 24
30 4
5 29
41 1
28 0
32 31
3 3
1 10
21 2
37 38
0 69
7 25
50 0
8 25
62 17
46 38
20 65
32 53
36 38
6 14
1 66
36 30
4 9
21 48
41 35
27 73
3 19
28 32
26 2
16 27
63 37
34 5
37 4
50 11
24 33
16 5
26 5
30 48
20 22
22 2
28 61
25 43
20 5
8 31
3 51
21 15
0 95
75 11
1 21
40 54
4 6
11 8
30 0
12 29
50 45
33 0
0 23
21 43
15 27
84 14
9 33
15 19
51 35
27 36
30 4
69 23
19 5
41 38
38 47
12 28
56 2
18 1
0 13
17 64
28 32
50 44
77 2
22 32
3 28
0 13
27 39
0 4
6 4
57 23
0 0
2 22
72 3
0 0
40 52
94 3
53 34
3 12
56 7
22 58
95 1
12 15
4 4
1 80
20 52
20 29
22 4
1 10
38 22
31 64
3 4
7 3
15 6
21 19
51 12
25 67
4 4
6 1
2 77
26 47
3 1
4 13
11 15
32 28
42 43
22 1
0 32
0 6
0 0
27 11
4 46
39 26
2 1
18 19
35 4
11 38
45 53
1 1
58 33
0 6
31 1
8 3
17 83
22 68
4 4
19 17
40 24
16 14
11 41
60 25
34 58
24 19
1 17
26 59
12 10
0 0
2 2
14 16
58 41
27 10
5 46
65 13
7 9
7 61
4 56
61 19
10 13
36 47
23 2
52 8
10 61
8 21
13 56
6 4
40 4
12 5
26 71
39 1
8 10
17 56
35 45
29 12
7 16
28 39
8 19
85 15
4 19
1 3
22 31
70 3
2 52
7 3
17 20
1 2
0 9
17 2
48 44
33 28
82 12
12 61
5 6
7 84
5 8
4 2
3 6
18 36
20 8
9 15
54 2
7 0
82 4
44 17
60 16
49 2
3 2
12 22
53 3
17 9
98 2
37 16
33 49
33 48
17 81
19 39
7 20
10 29
5 7
16 50
18 20
23 44
8 38
44 4
26 6
30 57
13 30
29 58
2 1
34 49
2 44
18 5
49 14
69 17
0 1
17 22
22 22
23 45
51 7
49 5
63 29
1 10
1 86
17 1
38 11
37 57
19 28
36 21
26 40
80 4
0 2
0 10
67 17
0 3
18 38
6 36
9 24
2 0
4 15
21 77
38 42
3 0
19 24
76 1
2 27
34 8
17 51
21 27
13 68
68 28
10 1
13 1
74 17
28 8
54 2
15 24
2 50
18 35
67 23
34 4
52 22
5 26
14 48
9 7
42 24
88 12
61 4
30 68
19 73
39 36
25 43
38 5
37 63
4 65
30 41
6 47
22 11
44 23
27 51
34 0
57 34
32 55
0 28
11 1
94 4
10 35
58 41
55 19
7 43
27 27
0 0
3 21
91 7
69 13
30 66
23 18
41 16
47 28
49 10
92 1
44 20
1 15
23 68
6 31
56 22
33 8
2 1
51 19
0 29
25 3
63 15
4 89
49 9
23 49
34 63
72 22
24 57
9 10
50 22
38 22
89 6
6 20
4 18
0 1
56 3
2 57
57 1
60 19
25 40
0 1
37 0
65 3
51 22
26 34
18 51
25 16
17 16
0 5
47 4
33 7
4 3
9 65
9 7
41 30
26 74
6 29
69 11
8 59
11 3
40 6
12 12
22 36
25 65
51 15
42 31
42 50
16 30
19 56
4 51
39 16
48 13
12 32
50 12
18 29
12 4
14 6
0 50
24 2
3 35
23 0
30 13
81 2
8 15
4 66
62 34
4 4
36 6
21 28
4 17
54 10
6 18
48 3
12 2
5 12
3 41
10 4
29 10
21 4
45 37
18 36
16 40
34 31
21 18
21 9
93 5
7 19
50 25
63 25
11 3
1 39
45 8
33 2
12 33
6 3
6 49
50 2
84 12
51 1
34 26
4 7
37 34
13 39
26 73
22 70
39 51
56 29
25 36
35 19
9 89
49 33
2 9
3 7
18 45
4 62
36 37
10 13
57 8
54 30
2 2
1 17
2 6
30 36
63 32
10 6
47 28
34 4
6 7
32 13
21 11
26 14
10 14
6 91
12 61
3 1
6 43
22 14
6 1
20 47
20 15
15 12
33 11
34 12
51 6
19 2
9 82
33 31
18 36
4 4
0 3
53 10
15 10
0 3
53 17
22 74
7 75
92 4
7 35
31 7
46 30
50 44
76 8
48 29
20 32
41 1
7 27
4 86
1 62
70 15
6 10
2 8
83 1
8 22
32 56
67 19
1 5
25 8
82 4
9 66
1 69
32 5
0 1
18 22
8 75
28 16
1 0
8 5
79 5
75 15
30 2
18 10
3 7
26 29
47 21
35 10
0 26
19 5
15 40
82 13
38 15
6 0
9 66
7 3
2 0
48 44
21 4
71 17
3 36
5 76
55 19
55 36
1 13
11 39
0 0
6 53
54 13
13 74
24 49
27 40
60 5
3 38
14 86
4 60
79 17
16 15
61 1
0 4
38 27
10 28
3 25
13 4
29 35
24 35
73 1
2 23
1 6
6 0
0 77
17 55
0 0
49 29
2 0
57 26
1 0
48 50
18 12
24 14
3 62
30 14
32 67
21 5
3 36
0 12
36 39
6 13
69 16
39 52
19 6
71 10
72 24
19 39
20 35
43 15
21 30
0 10
57 27
4 1
32 5
31 30
39 45
8 76
9 91
25 22
68 18
0 0
23 17
46 20
17 16
19 60
66 3
40 56
21 70
33 64
10 15
64 22
5 3
7 0
20 37
22 46
53 43
23 12
3 75
21 3
27 72
6 7
53 5
17 44
30 10
86 13
9 56
2 5
13 54
3 72
5 89
4 87
10 16
2 0
40 5
38 35
94 3
37 20
58 6
51 2
26 40
17 32
31 21
24 14
30 60
14 34
24 13
81 6
27 47
58 34
5 5
2 8
87 2
21 51
17 37
24 12
11 3
18 36
11 63
17 1
12 11
0 1
58 36
14 29
69 25
38 45
4 19
18 18
5 0
9 7
71 16
6 1
40 52
5 83
6 5
4 5
49 21
14 36
79 9
31 6
3 51
49 20
38 1
40 16
8 83
36 7
20 51
32 5
52 33
29 46
19 17
24 21
13 47
5 69
27 72
2 3
30 6
13 11
68 23
71 5
28 19
61 15
23 14
6 9
13 71
77 19
36 8
47 2
8 72
80 12
78 1
79 9
57 36
33 59
4 1
32 60
20 70
14 2
4 16
57 18
13 21
35 20
45 46
31 30
18 13
26 7
4 29
55 15
71 7
5 3
33 66
3 15
29 33
82 11
16 19
44 24
34 20
8 0
34 66
11 0
13 16
43 26
8 79
39 47
41 31
17 4
42 27
41 17
39 11
0 0
19 27
37 28
82 4
0 10
44 10
23 8
1 0
47 0
8 77
12 13
7 4
10 51
4 14
59 14
4 21
21 9
39 0
18 4
14 5
10 0
39 23
3 54
15 33
52 22
19 48
38 3
27 22
52 31
54 17
20 8
38 20
18 9
48 13
46 28
66 1
14 9
38 41
61 11
23 45
2 0
10 10
52 11
4 1
11 9
0 0
76 4
47 44
8 80
23 3
67 2
35 11
35 13
18 64
66 6
84 5
1 0
8 2
12 34
41 20
28 7
10 6
36 6
21 58
23 41
11 86
43 4
5 7
7 1
15 53
89 2
23 14
19 0
47 50
739
2 6
3 716
4 376
5 344
6 279
7 704
8 215
9 126
10 575
11 459
12 309
13 143
14 488
15 300
16 437
17 685
18 691
19 485
20 690
21 284
22 481
23 608
24 119
25 616
26 96
27 634
28 377
29 110
30 184
31 134
32 155
33 345
34 322
35 187
36 287
37 246
38 93
39 172
40 739
41 433
42 678
43 151
44 272
45 15
46 256
47 141
48 688
49 703
50 722
51 491
52 190
53 185
54 16
55 47
56 617
57 314
58 583
59 428
60 34
61 149
62 37
63 302
64 629
65 434
66 526
67 653
68 668
69 266
70 666
71 614
72 609
73 681
74 82
75 264
76 524
77 519
78 216
79 553
80 165
81 692
82 425
83 712
84 240
85 573
86 247
87 594
88 203
89 88
90 331
91 555
92 569
93 259
94 450
95 737
96 169
97 489
98 173
99 373
100 508
101 705
102 69
103 718
104 281
105 90
106 523
107 232
108 439
109 342
110 68
111 482
112 603
113 66
114 313
115 394
116 398
117 146
118 353
119 85
120 637
121 622
122 174
123 375
124 140
125 570
126 720
127 396
128 438
129 587
130 486
131 81
132 9
133 291
134 624
135 55
136 380
137 324
138 490
139 102
140 8
141 120
142 696
143 728
144 370
145 138
146 435
147 415
148 443
149 202
150 60
151 280
152 2
153 112
154 693
155 397
156 327
157 462
158 470
159 137
160 493
161 547
162 442
163 86
164 667
165 19
166 101
167 461
168 727
169 368
170 546
171 507
172 276
173 260
174 84
175 210
176 725
177 123
178 170
179 5
180 521
181 706
182 14
183 687
184 328
185 384
186 651
187 386
188 27
189 104
190 189
191 689
192 116
193 329
194 195
195 22
196 7
197 36
198 564
199 536
200 392
201 602
202 295
203 733
204 682
205 89
206 217
207 655
208 560
209 238
210 319
211 367
212 29
213 253
214 623
215 274
216 619
217 654
218 117
219 475
220 318
221 31
222 610
223 496
224 297
225 343
226 432
227 364
228 254
229 305
230 561
231 310
232 556
233 625
234 194
235 509
236 18
237 598
238 105
239 460
240 54
241 562
242 550
243 445
244 545
245 469
246 111
247 301
248 80
249 199
250 537
251 70
252 554
253 307
254 411
255 321
256 340
257 289
258 533
259 492
260 76
261 632
262 567
263 724
264 714
265 178
266 92
267 193
268 382
269 51
270 591
271 480
272 267
273 252
274 571
275 223
276 686
277 512
278 359
279 163
280 270
281 500
282 124
283 683
284 349
285 665
286 644
287 559
288 410
289 580
290 296
291 308
292 513
293 221
294 726
295 578
296 152
297 601
298 20
299 243
300 383
301 613
302 11
303 641
304 350
305 162
306 222
307 1
308 159
309 577
310 494
311 701
312 148
313 635
314 684
315 63
316 474
317 456
318 333
319 528
320 549
321 13
322 167
323 33
324 389
325 242
326 565
327 198
328 42
329 544
330 115
331 17
332 71
333 467
334 441
335 502
336 43
337 230
338 334
339 320
340 589
341 497
342 357
343 358
344 708
345 399
346 672
347 62
348 285
349 517
350 535
351 204
352 557
353 225
354 59
355 732
356 472
357 325
358 463
359 378
360 44
361 108
362 675
363 135
364 330
365 332
366 531
367 414
368 229
369 286
370 538
371 532
372 465
373 354
374 593
375 160
376 56
377 122
378 449
379 503
380 584
381 471
382 257
383 572
384 323
385 293
386 372
387 258
388 735
389 299
390 446
391 311
392 626
393 697
394 294
395 99
396 719
397 153
398 304
399 58
400 48
401 515
402 206
403 483
404 391
405 362
406 103
407 455
408 590
409 374
410 188
411 408
412 248
413 3
414 618
415 670
416 522
417 404
418 466
419 633
420 440
421 261
422 208
423 649
424 464
425 73
426 161
427 205
428 233
429 662
430 452
431 244
432 53
433 730
434 406
435 476
436 317
437 265
438 599
439 381
440 130
441 680
442 499
443 181
444 646
445 290
446 275
447 543
448 156
449 201
450 211
451 235
452 121
453 615
454 648
455 231
456 338
457 4
458 420
459 200
460 658
461 97
462 45
463 57
464 226
465 401
466 429
467 479
468 663
469 419
470 180
471 106
472 695
473 107
474 731
475 385
476 713
477 620
478 540
479 458
480 457
481 402
482 94
483 128
484 49
485 669
486 676
487 303
488 595
489 214
490 699
491 144
492 23
493 447
494 393
495 516
496 65
497 283
498 579
499 79
500 245
501 468
502 527
503 212
504 657
505 660
506 448
507 643
508 91
509 282
510 514
511 436
512 596
513 150
514 41
515 351
516 75
517 133
518 709
519 405
520 563
521 638
522 511
523 207
524 360
525 30
526 423
527 453
528 335
529 312
530 179
531 28
532 32
533 426
534 109
535 191
536 234
537 271
538 131
539 278
540 611
541 175
542 83
543 715
544 197
545 337
546 444
547 412
548 366
549 717
550 371
551 495
552 541
553 418
554 269
555 498
556 650
557 21
558 129
559 530
560 356
561 612
562 518
563 339
564 628
565 552
566 430
567 539
568 72
569 694
570 95
571 125
572 413
573 451
574 158
575 118
576 145
577 166
578 640
579 639
580 78
581 721
582 268
583 142
584 262
585 702
586 592
587 12
588 87
589 39
590 388
591 192
592 417
593 604
594 652
595 183
596 568
597 647
598 679
599 139
600 661
601 505
602 551
603 478
604 520
605 711
606 316
607 277
608 113
609 176
610 606
611 427
612 431
613 355
614 177
615 263
616 98
617 273
618 582
619 239
620 249
621 605
622 213
623 196
624 487
625 227
626 241
627 484
628 250
629 219
630 529
631 336
632 218
633 186
634 369
635 363
636 707
637 630
638 710
639 576
640 132
641 607
642 352
643 395
644 574
645 237
646 698
647 600
648 585
649 26
650 209
651 627
652 50
653 424
654 288
655 671
656 636
657 736
658 365
659 673
660 416
661 525
662 40
663 228
664 224
665 659
666 631
667 292
668 74
669 52
670 597
671 236
672 656
673 621
674 506
675 534
676 581
677 387
678 645
679 674
680 154
681 182
682 25
683 422
684 409
685 168
686 61
687 510
688 664
689 403
690 729
691 473
692 24
693 347
694 361
695 477
696 306
697 586
698 164
699 407
700 114
701 642
702 64
703 255
704 171
705 400
706 341
707 346
708 542
709 501
710 147
711 454
712 348
713 77
714 220
715 548
716 326
717 157
718 379
719 38
720 298
721 566
722 46
723 390
724 315
725 504
726 35
727 738
728 558
729 100
730 421
731 734
732 677
733 251
734 723
735 588
736 700
737 136
738 10
739 127
26 19
5 1
6 14
9 38
14 3
4 1
9 77
35 52
39 19
1 3
36 8
16 29
49 18
60 38
50 13
70 10
14 51
28 39
76 18
70 30
28 15
1 20
57 3
5 44
24 28
20 11
27 68
9 70
26 17
17 20
8 71
19 53
9 73
9 69
2 1
25 16
16 1
1 53
19 50
35 40
34 59
17 47
11 48
4 63
55 7
1 41
23 0
0 40
19 0
49 9
31 21
4 51
36 31
3 28
21 28
6 32
18 59
9 17
33 35
2 22
28 7
21 3
0 17
13 80
28 56
29 31
46 8
84 4
2 42
3 45
60 25
41 29
8 52
2 0
4 48
35 0
2 10
1 28
1 8
9 73
1 1
13 17
33 26
3 4
12 14
37 23
4 15
3 10
23 24
0 99
42 6
24 62
8 47
12 41
60 36
36 23
29 46
22 27
14 18
8 21
10 5
0 0
76 24
65 19
4 39
64 7
19 33
67 24
6 12
5 21
2 13
29 4
12 38
15 19
30 12
16 36
5 3
28 70
17 1
4 94
27 30
93 4
0 91
11 6
2 11
10 4
5 10
30 22
4 13
26 24
14 33
38 37
51 4
99 1
0 15
45 9
4 53
38 34
7 3
29 24
62 28
14 63
74 12
1 95
24 9
14 28
63 2
5 17
16 29
35 40
11 35
2 50
27 18
3 1
0 1
22 72
7 24
48 15
4 28
12 16
63 30
1 2
51 9
28 38
22 15
13 0
54 2
5 1
20 19
52 8
48 9
23 41
18 6
1 1
36 18
50 34
3 42
2 3
39 17
4 54
22 2
23 17
22 72
1 0
1 3
51 21
4 15
31 3
1 4
58 18
26 24
1 82
2 3
23 47
68 0
6 4
9 19
6 67
18 50
8 13
2 4
75 18
5 83
28 16
4 29
78 17
15 8
32 12
9 5
59 37
6 17
8 39
62 17
13 66
4 27
1 90
0 3
42 42
60 5
54 5
52 30
23 42
67 13
10 6
18 19
26 6
56 44
0 51
55 5
4 43
29 0
15 52
0 38
13 54
18 70
14 20
3 57
28 1
25 3
33 13
63 14
3 3
43 21
73 2
30 22
54 17
75 5
1 1
10 52
10 78
42 23
13 6
0 1
2 19
46 22
1 21
23 25
45 7
36 5
13 27
36 6
58 23
16 72
9 28
45 7
12 87
30 22
6 4
54 14
46 7
9 4
42 52
0 3
2 66
11 4
15 12
7 12
10 19
19 46
41 55
4 32
12 58
38 13
7 52
36 6
9 77
70 13
34 13
10 10
13 0
6 14
32 43
0 7
33 40
3 64
35 10
33 9
81 2
2 8
40 18
10 36
11 20
18 53
26 31
54 34
4 68
77 0
42 5
25 44
36 25
13 53
37 1
4 28
33 3
61 35
5 26
3 10
2 5
5 53
52 31
1 0
66 11
54 24
1 8
17 4
9 14
15 52
60 24
5 4
45 35
9 6
13 85
4 11
49 3
2 0
82 1
0 0
80 13
46 7
6 2
8 25
26 55
66 28
20 71
5 26
54 2
15 13
19 47
25 23
76 7
53 23
27 4
10 21
6 76
43 46
23 17
27 45
72 17
23 34
0 8
18 32
47 39
43 53
17 53
11 8
2 49
25 62
49 35
32 61
32 5
48 27
13 53
46 53
0 9
13 72
52 25
38 46
49 45
69 10
21 38
67 21
39 7
8 4
10 76
8 4
19 14
6 42
17 3
19 38
11 2
35 3
22 48
3 19
14 59
20 26
14 37
32 36
25 36
78 3
42 23
48 17
40 23
14 34
1 93
57 43
14 33
15 37
46 10
0 2
13 6
27 39
42 12
31 35
1 9
14 36
4 1
27 57
14 14
15 3
38 9
8 11
41 25
72 20
14 10
2 18
0 23
4 93
19 8
1 2
1 2
5 2
50 0
25 56
48 31
6 53
79 10
63 15
22 51
69 16
12 85
4 2
68 28
24 48
4 0
59 34
43 9
51 26
7 6
48 1
1 12
6 0
1 16
14 0
12 8
0 4
12 66
3 0
9 45
54 2
7 9
19 29
28 52
64 18
14 62
22 75
30 26
23 47
80 3
1 53
10 31
83 2
0 1
10 41
10 41
73 1
4 35
76 12
0 27
5 1
38 43
18 17
17 13
8 24
73 14
16 13
1 1
15 44
20 9
2 8
8 9
0 97
17 1
30 2
47 10
74 8
12 12
43 21
20 25
33 20
18 42
2 25
7 12
64 35
4 5
10 46
20 14
1 54
2 10
0 6
2 22
49 36
20 68
0 1
31 9
34 0
0 4
20 11
0 0
72 28
3 70
3 97
3 13
59 11
79 17
32 2
38 40
4 4
27 14
16 37
44 18
17 11
53 13
10 9
19 1
21 18
53 13
10 24
29 0
49 29
9 2
16 64
0 0
66 14
12 25
1 29
36 45
1 42
24 35
60 35
48 22
32 19
67 11
12 9
2 0
2 3
46 1
84 2
7 3
19 22
22 19
0 0
11 3
18 6
19 8
13 15
31 33
5 23
0 96
56 36
86 0
44 40
21 9
52 12
2 30
55 28
0 20
1 25
7 52
4 39
34 36
17 12
27 27
7 6
9 28
2 21
58 35
28 72
89 2
25 26
4 7
9 86
44 27
71 8
10 7
42 7
42 47
57 18
12 84
35 58
8 51
11 42
36 52
12 78
0 14
43 35
17 14
16 0
15 27
18 8
12 1
30 34
68 0
10 13
5 17
9 3
5 2
47 52
7 19
2 35
5 8
69 18
28 7
4 87
37 19
12 24
14 7
14 29
58 34
1 13
0 5
25 41
5 18
6 6
5 37
43 39
49 10
51 39
9 23
35 26
56 37
31 49
22 28
37 8
15 0
3 40
2 4
55 38
8 28
19 0
1 18
2 11
9 83
56 34
26 12
75 12
16 28
77 11
61 39
0 0
9 1
7 49
11 70
3 1
3 1
5 3
18 58
7 15
26 25
12 49
3 43
33 18
47 28
14 10
1 5
18 43
0 0
10 55
13 62
8 27
0 40
2 8
17 50
51 7
0 8
11 4
80 6
2 4
0 5
47 36
0 0
40 23
5 37
20 33
19 38
31 13
70 1
0 78
11 27
6 0
19 25
26 35
50 44
45 20
9 61
7 14
26 20
62 3
27 16
24 74
19 39
23 4
32 20
8 36
10 19
15 8
27 15
11 5
15 10
13 5
16 14
41 40
35 64
31 7
9 9
84 2
9 23
75 22
25 57
1 57
2 12
92 7
67 1
1 7
82 5
53 19
29 19
38 0
1 50
40 21
300
2 236
3 89
4 97
5 134
6 32
7 199
8 188
9 179
10 65
11 174
12 105
13 123
14 259
15 13
16 81
17 250
18 249
19 128
20 206
21 286
22 34
23 291
24 31
25 262
26 235
27 295
28 272
29 147
30 3
31 58
32 122
33 190
34 212
35 77
36 278
37 1
38 47
39 127
40 144
41 183
42 148
43 61
44 239
45 240
46 118
47 215
48 41
49 79
50 12
51 141
52 256
53 205
54 156
55 6
56 88
57 237
58 260
59 52
60 228
61 145
62 124
63 70
64 293
65 204
66 36
67 18
68 176
69 154
70 158
71 289
72 227
73 243
74 16
75 226
76 280
77 9
78 269
79 216
80 19
81 64
82 131
83 242
84 28
85 294
86 133
87 135
88 270
89 119
90 200
91 300
92 49
93 164
94 126
95 75
96 66
97 155
98 86
99 168
100 92
101 114
102 185
103 202
104 112
105 91
106 266
107 95
108 46
109 54
110 84
111 22
112 169
113 261
114 282
115 157
116 203
117 63
118 11
119 178
120 99
121 273
122 284
123 82
124 44
125 193
126 196
127 189
128 265
129 117
130 241
131 125
132 80
133 21
134 100
135 110
136 93
137 30
138 33
139 143
140 7
141 292
142 230
143 4
144 153
145 281
146 209
147 197
148 76
149 27
150 109
151 103
152 35
153 220
154 246
155 26
156 257
157 165
158 149
159 195
160 53
161 255
162 245
163 208
164 51
165 129
166 283
167 274
168 104
169 45
170 172
171 96
172 72
173 171
174 73
175 78
176 277
177 39
178 267
179 101
180 192
181 247
182 275
183 23
184 161
185 181
186 56
187 139
188 43
189 268
190 175
191 296
192 160
193 25
194 223
195 146
196 229
197 106
198 167
199 60
200 140
201 71
202 121
203 207
204 252
205 231
206 290
207 24
208 194
209 90
210 85
211 184
212 74
213 298
214 285
215 254
216 83
217 217
218 108
219 211
220 142
221 37
222 234
223 248
224 299
225 244
226 225
227 40
228 279
229 42
230 198
231 163
232 251
233 182
234 55
235 113
236 115
237 98
238 68
239 132
240 177
241 120
242 57
243 263
244 297
245 233
246 151
247 219
248 214
249 173
250 10
251 271
252 166
253 137
254 187
255 287
256 138
257 20
258 15
259 111
260 5
261 50
262 253
263 48
264 107
265 152
266 222
267 288
268 136
269 69
270 29
271 8
272 264
273 221
274 258
275 38
276 180
277 87
278 224
279 276
280 116
281 150
282 170
283 191
284 159
285 238
286 94
287 62
288 232
289 2
290 213
291 17
292 67
293 210
294 218
295 14
296 102
297 201
298 186
299 59
300 162
10 16
53 41
3 1
1 24
73 13
12 9
0 0
3 18
63 31
64 18
1 1
11 78
9 18
34 37
52 6
7 12
63 7
12 65
40 23
0 7
20 34
9 40
24 35
8 2
24 7
63 23
13 0
30 0
30 2
14 26
17 26
10 57
51 33
59 12
2 28
6 54
29 69
97 2
50 24
0 0
23 28
12 23
62 13
9 12
2 17
43 37
57 36
22 22
7 32
7 30
3 2
12 8
2 1
3 41
1 2
27 39
13 42
2 28
10 29
9 71
38 50
5 15
13 43
13 82
0 85
43 32
3 41
77 8
21 5
32 41
68 8
1 32
38 45
38 41
6 2
53 39
44 17
21 18
74 12
5 53
40 11
5 37
44 1
53 21
10 4
9 13
63 2
10 17
11 0
17 48
53 1
10 2
45 9
26 37
44 3
1 14
11 36
64 12
21 75
9 37
5 33
0 6
58 16
2 13
16 24
47 0
48 43
30 6
2 4
8 14
13 39
1 2
25 51
58 2
53 4
16 47
36 40
14 32
14 22
15 1
5 0
54 37
6 2
10 33
18 34
7 16
26 1
5 79
5 3
31 7
39 34
44 7
1 0
35 27
6 52
25 10
14 11
37 14
41 0
2 21
60 30
6 72
14 1
90 0
4 2
16 62
43 37
2 20
31 22
43 14
19 41
14 4
3 62
56 31
26 9
49 4
25 0
3 0
1 1
12 8
11 61
0 18
79 4
0 0
25 10
8 25
11 55
17 17
2 43
34 3
43 0
3 0
4 73
32 17
16 19
3 0
9 19
0 78
14 20
17 18
14 20
16 30
17 26
1 9
29 21
20 79
60 13
3 43
47 50
22 35
35 37
17 5
17 18
6 59
100 0
0 89
7 33
48 3
25 7
39 16
16 0
11 50
1 4
81 9
28 60
17 12
15 18
37 61
3 30
81 11
28 32
3 1
40 3
33 36
20 9
20 15
48 40
1 3
40 26
22 37
44 21
24 22
30 10
50 16
70 30
4 15
15 27
27 1
92 1
30 23
21 15
7 90
68 7
20 37
20 62
27 17
8 82
21 27
38 33
8 65
67 26
39 5
29 60
3 97
6 3
58 17
6 5
0 1
75 8
27 22
58 38
49 2
38 14
1 8
16 3
4 89
5 0
29 33
34 52
0 14
26 23
30 38
67 3
2 32
3 35
38 10
63 3
19 47
4 12
27 28
2 23
23 1
11 1
21 1
5 0
4 34
0 1
17 29
30 15
0 6
14 5
11 1
43 8
10 37
38 7
4 5
21 23
5 31
35 34
10 52
87 7
0 4
38 3
33 4
6 8
25 7
2 11
4 9
11 1
6 12
262
2 257
3 1
4 203
5 201
6 90
7 14
8 180
9 64
10 256
11 211
12 135
13 145
14 237
15 262
16 59
17 60
18 48
19 232
20 76
21 113
22 216
23 168
24 261
25 251
26 107
27 254
28 209
29 103
30 252
31 91
32 4
33 31
34 111
35 43
36 152
37 87
38 158
39 210
40 33
41 98
42 25
43 247
44 231
45 26
46 249
47 68
48 138
49 99
50 84
51 37
52 10
53 30
54 132
55 61
56 89
57 154
58 162
59 124
60 123
61 116
62 108
63 195
64 253
65 53
66 214
67 236
68 104
69 49
70 110
71 23
72 219
73 184
74 36
75 238
76 244
77 127
78 39
79 174
80 22
81 21
82 243
83 176
84 175
85 171
86 220
87 179
88 137
89 85
90 188
91 45
92 8
93 205
94 102
95 182
96 217
97 42
98 82
99 200
100 153
101 224
102 151
103 241
104 105
105 67
106 228
107 54
108 234
109 159
110 97
111 46
112 7
113 106
114 17
115 226
116 62
117 146
118 29
119 115
120 65
121 112
122 255
123 74
124 227
125 41
126 172
127 190
128 193
129 223
130 134
131 196
132 161
133 181
134 13
135 15
136 221
137 120
138 147
139 83
140 16
141 229
142 185
143 73
144 222
145 51
146 149
147 38
148 167
149 235
150 69
151 125
152 88
153 35
154 100
155 109
156 183
157 258
158 121
159 71
160 20
161 27
162 144
163 206
164 78
165 165
166 242
167 55
168 207
169 213
170 77
171 12
172 129
173 139
174 166
175 58
176 178
177 72
178 164
179 259
180 56
181 34
182 126
183 246
184 122
185 142
186 140
187 245
188 260
189 198
190 6
191 92
192 239
193 93
194 94
195 148
196 128
197 96
198 119
199 215
200 150
201 163
202 155
203 2
204 118
205 133
206 24
207 202
208 204
209 28
210 114
211 66
212 225
213 95
214 86
215 136
216 186
217 233
218 19
219 47
220 131
221 157
222 32
223 189
224 169
225 218
226 79
227 44
228 177
229 63
230 18
231 212
232 160
233 50
234 141
235 248
236 75
237 5
238 173
239 187
240 143
241 57
242 191
243 101
244 208
245 40
246 3
247 192
248 9
249 11
250 156
251 170
252 70
253 250
254 52
255 240
256 197
257 81
258 194
259 199
260 230
261 130
262 117
0 0
66 5
17 3
65 35
28 2
28 36
34 5
29 3
21 61
80 19
20 41
35 15
23 33
12 24
2 42
10 0
53 8
30 42
4 20
21 78
17 2
6 4
13 26
90 1
17 32
6 6
9 0
55 30
73 14
9 50
58 29
38 13
12 34
50 27
32 23
46 9
42 37
28 31
6 33
14 34
50 14
43 24
7 35
0 1
74 8
11 85
49 23
66 27
73 26
6 82
14 32
22 43
17 19
7 20
3 6
61 20
16 13
15 36
46 5
6 18
38 46
10 6
47 33
12 19
35 4
17 2
6 12
3 2
45 43
53 27
2 7
1 2
21 30
72 26
8 49
6 65
35 20
18 17
39 34
29 59
27 66
6 31
1 20
0 66
52 27
32 49
19 63
49 48
38 12
83 17
34 3
61 10
13 66
30 54
0 3
1 60
21 31
4 1
36 38
11 5
2 0
2 12
40 58
7 62
11 5
75 23
6 32
16 20
29 3
20 48
13 36
26 53
9 61
35 4
11 26
18 48
4 13
4 48
41 2
1 6
32 20
28 4
0 9
36 21
41 42
6 19
42 17
2 32
13 10
4 5
0 17
10 22
5 84
10 1
67 7
2 79
23 43
38 12
30 39
75 20
30 5
24 59
35 47
31 27
34 2
16 18
3 0
71 4
11 61
27 46
1 0
15 13
38 3
16 27
14 5
6 42
5 37
18 39
90 5
5 47
2 11
5 76
10 4
69 5
40 7
5 11
36 5
5 6
13 46
17 47
52 42
26 0
16 5
9 73
29 2
49 4
4 60
21 8
23 14
12 13
11 44
8 5
1 0
41 46
39 61
0 52
8 1
4 15
8 2
28 6
75 7
2 8
16 59
27 24
3 59
3 69
1 0
3 4
66 3
32 34
27 32
11 12
5 93
5 9
7 4
19 36
55 10
11 0
3 67
0 20
1 2
1 14
5 37
2 17
12 11
13 29
27 63
7 3
37 8
60 35
16 17
61 10
13 86
8 60
45 22
1 70
30 6
32 61
27 55
12 30
34 14
9 37
25 0
17 18
32 23
0 37
35 27
18 54
83 3
16 0
22 5
14 12
0 33
0 22
3 0
1 58
6 33
27 50
21 28
17 20
50 5
28 63
21 57
19 16
13 2
13 5
36 5
11 3
57 9
26 9
8 17
36 21
628
2 451
3 617
4 118
5 581
6 401
7 439
8 447
9 153
10 367
11 333
12 287
13 234
14 294
15 626
16 557
17 605
18 172
19 320
20 49
21 549
22 253
23 36
24 441
25 159
26 363
27 134
28 568
29 8
30 593
31 250
32 397
33 471
34 222
35 261
36 624
37 204
38 58
39 496
40 211
41 300
42 433
43 603
44 453
45 307
46 422
47 92
48 358
49 136
50 152
51 3
52 566
53 440
54 278
55 326
56 461
57 344
58 596
59 512
60 98
61 208
62 628
63 209
64 515
65 44
66 448
67 201
68 236
69 484
70 369
71 381
72 395
73 63
74 124
75 459
76 313
77 319
78 81
79 404
80 528
81 502
82 554
83 34
84 109
85 428
86 472
87 276
88 586
89 74
90 412
91 16
92 230
93 606
94 129
95 186
96 547
97 393
98 96
99 321
100 328
101 202
102 71
103 46
104 299
105 41
106 535
107 290
108 78
109 420
110 414
111 161
112 108
113 97
114 406
115 291
116 247
117 390
118 171
119 454
120 614
121 14
122 86
123 137
124 508
125 309
126 87
127 427
128 497
129 407
130 2
131 27
132 627
133 495
134 398
135 530
136 507
137 24
138 243
139 438
140 177
141 43
142 444
143 323
144 480
145 311
146 623
147 238
148 173
149 466
150 254
151 611
152 23
153 33
154 113
155 190
156 35
157 163
158 125
159 42
160 130
161 489
162 1
163 61
164 467
165 116
166 198
167 102
168 374
169 197
170 490
171 359
172 525
173 542
174 468
175 383
176 83
177 147
178 331
179 189
180 619
181 30
182 105
183 242
184 584
185 325
186 476
187 506
188 6
189 575
190 249
191 317
192 399
193 50
194 332
195 100
196 526
197 421
198 73
199 570
200 240
201 303
202 377
203 192
204 371
205 473
206 237
207 132
208 601
209 501
210 504
211 111
212 410
213 329
214 553
215 409
216 123
217 573
218 388
219 609
220 572
221 578
222 622
223 591
224 434
225 382
226 327
227 385
228 583
229 166
230 200
231 255
232 262
233 206
234 120
235 418
236 223
237 289
238 462
239 258
240 561
241 68
242 541
243 488
244 298
245 79
246 400
247 604
248 460
249 394
250 514
251 348
252 19
253 187
254 620
255 149
256 518
257 346
258 380
259 616
260 85
261 362
262 556
263 339
264 54
265 516
266 576
267 550
268 379
269 577
270 57
271 277
272 244
273 13
274 432
275 368
276 260
277 590
278 615
279 60
280 75
281 519
282 286
283 349
284 122
285 330
286 53
287 219
288 452
289 9
290 621
291 245
292 529
293 191
294 59
295 455
296 91
297 387
298 119
299 268
300 297
301 141
302 104
303 429
304 239
305 7
306 174
307 28
308 220
309 534
310 296
311 500
312 117
313 176
314 84
315 112
316 364
317 517
318 160
319 597
320 15
321 540
322 340
323 613
324 356
325 283
326 269
327 31
328 181
329 564
330 88
331 338
332 82
333 335
334 32
335 212
336 164
337 487
338 22
339 579
340 386
341 524
342 167
343 499
344 40
345 585
346 29
347 282
348 77
349 252
350 446
351 203
352 431
353 215
354 146
355 66
356 425
357 143
358 121
359 532
360 503
361 45
362 126
363 89
364 355
365 411
366 101
367 55
368 477
369 145
370 595
371 25
372 567
373 413
374 366
375 72
376 224
377 301
378 80
379 493
380 214
381 225
382 251
383 423
384 559
385 138
386 571
387 372
388 17
389 182
390 70
391 334
392 403
393 178
394 207
395 482
396 538
397 384
398 131
399 436
400 12
401 257
402 246
403 194
404 115
405 470
406 233
407 94
408 350
409 210
410 175
411 505
412 450
413 288
414 216
415 193
416 599
417 293
418 402
419 21
420 229
421 316
422 592
423 565
424 114
425 62
426 522
427 600
428 552
429 281
430 263
431 408
432 357
433 416
434 430
435 195
436 347
437 456
438 360
439 445
440 486
441 582
442 180
443 266
444 103
445 241
446 608
447 469
448 226
449 494
450 426
451 612
452 424
453 437
454 618
455 227
456 492
457 337
458 272
459 544
460 306
461 139
462 135
463 625
464 391
465 144
466 442
467 265
468 267
469 280
470 106
471 545
472 510
473 491
474 465
475 56
476 302
477 378
478 270
479 162
480 20
481 155
482 199
483 396
484 185
485 419
486 218
487 292
488 341
489 308
490 478
491 285
492 474
493 150
494 483
495 264
496 5
497 569
498 318
499 475
500 26
501 217
502 231
503 520
504 107
505 47
506 509
507 314
508 170
509 463
510 449
511 158
512 417
513 322
514 479
515 279
516 90
517 415
518 271
519 133
520 342
521 587
522 607
523 464
524 184
525 498
526 513
527 511
528 365
529 127
530 312
531 315
532 481
533 256
534 546
535 273
536 310
537 76
538 610
539 196
540 594
541 205
542 232
543 375
544 65
545 156
546 457
547 539
548 284
549 324
550 551
551 148
552 521
553 213
554 336
555 598
556 588
557 140
558 128
559 99
560 295
561 562
562 38
563 142
564 536
565 11
566 188
567 305
568 67
569 527
570 389
571 183
572 345
573 10
574 179
575 151
576 304
577 405
578 274
579 548
580 52
581 543
582 485
583 51
584 228
585 69
586 580
587 95
588 157
589 555
590 235
591 376
592 169
593 93
594 168
595 154
596 48
597 248
598 275
599 39
600 4
601 523
602 353
603 354
604 558
605 589
606 533
607 370
608 361
609 352
610 221
611 18
612 373
613 37
614 537
615 343
616 165
617 563
618 110
619 435
620 259
621 392
622 443
623 560
624 602
625 531
626 574
627 458
628 351
41 39
3 7
34 33
19 73
30 44
2 68
6 46
0 3
29 5
3 11
43 40
30 35
33 18
64 12
0 54
12 32
18 50
42 35
1 88
61 12
20 29
5 72
54 4
10 20
22 19
0 35
25 59
0 8
20 2
5 44
4 2
20 27
87 4
5 84
10 80
46 29
29 52
13 15
10 71
63 34
1 1
0 25
51 7
9 9
28 61
57 12
1 30
2 16
10 28
14 3
26 37
3 6
2 3
1 19
47 42
6 42
23 63
23 2
19 71
62 22
5 6
45 30
4 45
15 1
3 63
9 6
40 55
17 41
10 0
5 88
81 16
21 38
25 24
8 0
1 74
72 7
5 73
0 12
4 62
38 34
6 30
76 16
5 48
15 14
1 6
56 23
6 70
6 63
16 17
6 5
17 11
23 67
61 4
33 26
0 33
25 12
8 1
62 31
21 60
43 1
84 3
21 25
9 48
15 75
3 53
68 21
1 7
21 7
15 32
6 33
8 54
14 10
61 5
24 31
3 5
83 9
65 11
7 28
26 3
45 0
41 35
54 17
2 41
3 16
5 2
0 71
4 15
42 41
69 26
38 37
4 49
0 2
77 6
33 19
71 27
15 26
11 18
34 32
6 60
6 19
71 6
16 59
22 11
37 37
22 1
27 15
16 1
2 1
5 4
10 8
2 9
46 6
80 8
21 8
2 7
0 54
13 0
41 22
5 83
34 41
2 69
16 5
22 0
31 63
62 18
29 7
18 15
45 23
28 22
3 4
13 54
26 25
60 7
32 5
4 66
6 35
55 13
36 17
4 26
1 8
37 63
20 3
79 9
0 0
31 18
41 22
0 0
31 0
67 29
32 31
5 77
0 0
16 35
77 22
8 42
7 37
3 5
4 15
36 6
7 27
23 46
0 26
15 48
0 22
3 21
53 27
3 25
60 20
65 17
1 21
35 56
20 40
5 82
10 13
9 40
15 5
1 45
33 8
33 1
15 5
6 36
76 2
67 17
12 44
28 72
13 83
11 22
0 0
79 14
3 25
21 74
15 68
9 59
13 75
31 54
14 49
53 11
0 6
1 12
39 27
2 80
34 30
33 15
50 18
1 6
10 4
62 16
48 19
38 21
30 66
48 6
21 6
7 45
9 27
21 30
7 92
27 60
64 16
13 21
4 41
5 1
51 18
2 11
31 48
6 2
82 14
21 8
0 32
34 60
25 32
22 14
68 17
5 2
10 32
11 23
26 46
1 0
30 39
9 10
20 39
51 9
85 12
64 3
5 2
12 0
63 27
26 39
20 3
23 39
47 51
5 1
10 60
29 0
14 25
27 43
20 43
10 8
20 50
20 6
10 1
5 8
4 1
41 5
55 15
61 1
19 7
5 7
21 65
39 21
14 24
96 3
3 14
12 75
13 64
15 54
11 57
16 64
24 42
7 18
7 11
0 41
31 41
70 0
5 6
19 30
26 61
25 17
4 55
0 1
28 42
8 7
14 2
41 49
17 19
26 17
49 26
9 75
37 59
45 12
41 5
42 41
24 15
1 5
11 52
43 25
39 9
11 1
10 11
97 2
2 13
8 6
1 2
25 61
15 20
39 25
8 11
58 18
82 16
8 36
4 2
69 16
37 24
19 21
37 36
10 23
22 44
20 9
2 4
10 81
1 3
8 22
19 50
60 30
54 14
3 64
44 4
58 28
0 1
9 86
9 8
1 10
14 10
21 12
0 55
10 0
17 7
45 19
15 3
41 14
4 87
50 6
18 53
13 16
0 0
15 70
3 36
16 83
75 16
1 75
27 5
39 24
63 27
55 9
85 5
28 9
18 79
23 16
12 49
48 20
26 22
17 5
20 61
10 8
1 40
43 20
79 15
18 3
7 9
30 25
4 9
43 53
34 1
6 40
8 31
0 19
2 9
23 11
17 36
18 24
1 14
2 14
7 53
20 43
19 32
17 48
26 54
47 10
18 59
39 40
79 20
47 49
7 14
68 26
31 62
41 22
14 26
3 0
68 26
16 75
1 32
26 42
26 47
52 34
12 40
31 65
6 38
2 0
76 20
6 81
13 5
25 2
21 73
59 5
99 1
4 81
7 14
3 4
31 45
73 21
20 6
43 2
80 14
51 4
81 9
3 57
84 8
85 5
78 7
35 2
9 12
26 40
39 41
26 61
24 32
1 3
4 20
17 44
43 17
37 25
52 23
15 1
5 10
4 8
14 14
1 21
52 19
4 29
2 0
7 3
27 10
76 4
48 47
40 24
21 34
16 53
5 39
2 16
32 26
10 0
63 26
20 1
10 9
3 17
0 64
13 30
22 13
28 44
49 9
8 27
9 9
1 1
27 23
1 29
8 52
5 0
1 17
42 7
13 3
0 1
69 16
6 43
0 11
14 0
0 0
53 15
50 8
67 1
6 32
13 19
73 0
8 35
13 4
5 18
27 13
57 3
24 9
17 4
11 0
8 14
24 14
13 4
13 38
8 0
3 41
24 24
43 34
1 5
71 8
0 34
6 61
12 27
19 49
62 25
12 48
21 11
63 32
21 75
32 25
83 7
3 4
9 21
72 2
25 32
57 42
2 13
30 41
17 37
1 52
0 41
50 19
28 3
20 6
16 42
8 26
20 7
18 41
76 2
60 22
25 70
4 46
2 1
16 6
72 25
34 10
51 46
15 1
11 20
43 8
28 7
3 80
4 0
67 10
67 23
50 37
81 3
12 14
0 7
57 20
29 25
23 5
21 34
54 0
19 3
6 0
47 10
14 41
94 5
4 25
21 16
0 0
28 28
12 39
60 33
1 0
21 58
38 17
44 0
84 13
778
2 414
3 30
4 161
5 441
6 710
7 150
8 202
9 344
10 372
11 345
12 331
13 198
14 29
15 627
16 517
17 116
18 410
19 712
20 422
21 771
22 281
23 403
24 690
25 659
26 284
27 455
28 98
29 687
30 696
31 2
32 19
33 189
34 392
35 758
36 778
37 358
38 519
39 108
40 772
41 542
42 593
43 564
44 77
45 399
46 253
47 121
48 15
49 515
50 390
51 175
52 707
53 747
54 666
55 352
56 3
57 673
58 554
59 381
60 204
61 532
62 82
63 736
64 47
65 349
66 571
67 513
68 424
69 91
70 504
71 54
72 248
73 534
74 220
75 774
76 562
77 684
78 383
79 183
80 499
81 430
82 753
83 395
84 6
85 251
86 225
87 608
88 283
89 122
90 311
91 540
92 73
93 373
94 43
95 94
96 61
97 338
98 212
99 50
100 172
101 654
102 216
103 23
104 631
105 328
106 234
107 162
108 86
109 757
110 176
111 634
112 75
113 177
114 656
115 662
116 509
117 507
118 643
119 28
120 549
121 351
122 686
123 244
124 756
125 496
126 144
127 704
128 133
129 625
130 569
131 409
132 239
133 365
134 755
135 512
136 490
137 139
138 127
139 8
140 484
141 70
142 675
143 201
144 539
145 247
146 612
147 374
148 323
149 475
150 473
151 92
152 314
153 242
154 641
155 511
156 619
157 541
158 775
159 396
160 744
161 36
162 26
163 754
164 192
165 677
166 209
167 497
168 592
169 649
170 467
171 340
172 653
173 221
174 1
175 364
176 307
177 264
178 228
179 640
180 132
181 489
182 506
183 141
184 276
185 294
186 713
187 313
188 463
189 401
190 224
191 335
192 196
193 485
194 356
195 678
196 768
197 701
198 528
199 565
200 164
201 740
202 180
203 389
204 556
205 41
206 457
207 732
208 404
209 567
210 748
211 63
212 197
213 271
214 524
215 9
216 342
217 5
218 173
219 660
220 574
221 35
222 290
223 256
224 458
225 407
226 595
227 431
228 638
229 56
230 346
231 450
232 128
233 257
234 415
235 613
236 725
237 545
238 368
239 263
240 547
241 261
242 692
243 214
244 215
245 639
246 126
247 138
248 318
249 293
250 241
251 663
252 408
253 270
254 722
255 208
256 282
257 734
258 124
259 65
260 630
261 679
262 38
263 578
264 394
265 544
266 742
267 7
268 599
269 88
270 288
271 322
272 179
273 327
274 465
275 603
276 319
277 118
278 584
279 525
280 226
281 262
282 682
283 34
284 22
285 31
286 254
287 488
288 235
289 451
290 586
291 142
292 650
293 289
294 572
295 763
296 760
297 733
298 326
299 575
300 222
301 112
302 487
303 83
304 355
305 669
306 622
307 102
308 168
309 474
310 558
311 751
312 60
313 416
314 246
315 255
316 648
317 428
318 49
319 154
320 739
321 764
322 25
323 703
324 655
325 493
326 773
327 680
328 306
329 767
330 413
331 590
332 776
333 607
334 561
335 48
336 585
337 614
338 429
339 594
340 145
341 125
342 604
343 97
344 193
345 203
346 279
347 348
348 170
349 84
350 476
351 582
352 646
353 432
354 194
355 207
356 350
357 259
358 123
359 382
360 187
361 76
362 325
363 709
364 186
365 731
366 597
367 583
368 651
369 702
370 560
371 609
372 480
373 708
374 115
375 461
376 240
377 44
378 766
379 370
380 674
381 635
382 330
383 716
384 699
385 468
386 453
387 333
388 730
389 537
390 130
391 286
392 103
393 438
394 219
395 477
396 301
397 652
398 598
399 647
400 591
401 520
402 419
403 93
404 321
405 57
406 188
407 737
408 14
409 359
410 445
411 377
412 55
413 78
414 360
415 33
416 492
417 16
418 718
419 80
420 245
421 385
422 274
423 683
424 24
425 735
426 191
427 501
428 548
429 12
430 296
431 723
432 375
433 526
434 726
435 315
436 143
437 705
438 605
439 644
440 460
441 658
442 628
443 552
444 51
445 729
446 535
447 316
448 155
449 437
450 508
451 303
452 232
453 615
454 195
455 266
456 611
457 472
458 618
459 32
460 79
461 182
462 329
463 258
464 624
465 637
466 252
467 388
468 676
469 386
470 309
471 120
472 363
473 616
474 21
475 471
476 171
477 577
478 181
479 452
480 341
481 576
482 184
483 456
484 717
485 148
486 479
487 17
488 405
489 393
490 160
491 267
492 721
493 719
494 533
495 229
496 642
497 99
498 398
499 746
500 689
501 568
502 387
503 237
504 300
505 745
506 278
507 580
508 448
509 724
510 765
511 371
512 466
513 305
514 711
515 72
516 87
517 693
518 777
519 178
520 109
521 185
522 645
523 412
524 518
525 557
526 617
527 761
528 491
529 147
530 369
531 602
532 670
533 66
534 668
535 667
536 550
537 741
538 685
539 4
540 495
541 446
542 434
543 406
544 297
545 417
546 481
547 749
548 531
549 596
550 45
551 59
552 190
553 665
554 40
555 90
556 101
557 131
558 454
559 69
560 265
561 421
562 420
563 250
564 211
565 310
566 304
567 136
568 657
569 317
570 505
571 357
572 152
573 218
574 570
575 236
576 391
577 320
578 629
579 166
580 376
581 523
582 20
583 58
584 380
585 579
586 715
587 153
588 334
589 299
590 366
591 367
592 694
593 96
594 13
595 470
596 443
597 464
598 449
599 295
600 444
601 551
602 620
603 426
604 199
605 53
606 243
607 664
608 762
609 129
610 510
611 543
612 486
613 743
614 494
615 156
616 500
617 167
618 165
619 272
620 285
621 210
622 423
623 291
624 105
625 601
626 149
627 95
628 231
629 442
630 18
631 298
632 273
633 100
634 205
635 354
636 498
637 588
638 238
639 566
640 200
641 728
642 606
643 223
644 587
645 110
646 104
647 230
648 538
649 336
650 206
651 81
652 661
653 308
654 157
655 402
656 292
657 111
658 343
659 64
660 113
661 589
662 698
663 691
664 752
665 621
666 62
667 353
668 435
669 440
670 268
671 106
672 581
673 174
674 27
675 85
676 260
677 339
678 213
679 688
680 134
681 610
682 521
683 553
684 483
685 378
686 447
687 436
688 503
689 269
690 727
691 249
692 546
693 67
694 427
695 671
696 672
697 433
698 559
699 114
700 418
701 527
702 135
703 11
704 697
705 379
706 146
707 695
708 700
709 107
710 459
711 720
712 563
713 633
714 347
715 502
716 217
717 277
718 530
719 137
720 522
721 117
722 400
723 332
724 159
725 140
726 478
727 362
728 626
729 312
730 623
731 169
732 275
733 71
734 555
735 681
736 738
737 636
738 600
739 411
740 74
741 462
742 714
743 233
744 52
745 89
746 482
747 750
748 397
749 529
750 514
751 42
752 759
753 324
754 10
755 163
756 151
757 632
758 439
759 119
760 227
761 706
762 280
763 536
764 384
765 573
766 361
767 337
768 37
769 158
770 516
771 769
772 302
773 287
774 469
775 46
776 770
777 68
778 425
42 0
6 0
46 52
1 0
42 20
61 33
27 44
23 54
0 15
8 79
13 12
6 14
60 12
25 73
20 39
8 23
3 3
22 71
9 87
16 20
35 13
6 55
15 22
10 1
49 34
61 19
6 5
0 13
9 0
4 2
47 14
27 66
76 16
37 14
14 45
2 26
0 5
6 93
49 19
21 6
21 48
54 6
8 0
34 12
28 34
10 12
55 44
33 25
41 3
17 33
10 55
11 44
29 43
12 18
2 0
23 3
24 24
48 32
42 2
6 83
40 4
84 8
64 23
0 0
4 9
4 63
3 34
58 27
50 30
1 7
33 42
83 10
3 51
54 3
22 49
9 9
11 13
7 19
14 61
22 57
27 3
10 66
24 0
14 85
13 25
52 12
14 51
23 9
2 33
0 7
0 0
8 61
0 4
50 13
21 42
11 75
9 6
0 6
35 44
2 12
36 29
8 89
8 13
3 19
21 1
18 81
32 38
11 41
6 2
7 15
4 11
5 9
4 80
6 30
15 60
44 35
58 36
13 30
53 0
19 71
16 74
71 25
2 3
65 0
18 18
46 1
8 8
12 8
72 12
0 1
24 70
32 24
11 18
24 75
20 27
0 48
15 69
13 15
62 10
18 7
25 15
1 4
10 61
21 28
1 1
36 51
12 82
22 8
31 46
0 5
9 19
18 67
49 14
14 41
7 17
22 1
81 8
33 14
6 15
23 23
18 66
16 3
13 14
26 15
28 39
48 28
37 31
28 49
0 1
12 44
23 43
24 15
27 38
11 35
1 0
61 16
61 13
58 32
32 49
14 8
85 5
85 5
2 60
75 18
2 27
34 16
17 7
4 8
56 9
0 1
4 45
81 13
16 28
74 16
38 53
2 5
79 12
2 64
4 18
0 26
46 15
3 21
28 2
22 7
19 79
23 71
44 25
69 28
30 52
2 0
15 0
11 22
0 0
39 50
9 7
5 47
12 43
42 5
2 37
27 53
41 2
13 2
17 56
41 3
86 0
3 21
14 3
92 7
1 93
11 72
0 28
2 0
19 20
6 49
40 13
53 45
38 60
5 2
80 11
0 0
10 4
3 42
34 6
3 30
48 22
22 5
18 46
0 14
8 5
7 59
21 47
2 77
51 47
6 63
10 9
2 28
0 38
3 7
61 13
78 6
58 31
3 6
32 47
1 80
7 26
6 73
14 44
10 12
1 20
22 14
1 15
52 37
44 12
31 30
14 76
77 23
4 17
1 11
51 14
16 16
1 12
10 7
1 0
62 9
2 47
68 0
31 19
23 24
15 8
1 1
40 9
16 4
9 1
7 10
59 34
53 15
12 38
15 3
1 43
10 51
72 1
45 6
16 3
5 5
47 5
0 25
3 4
43 2
0 14
6 7
82 11
29 39
68 18
4 18
27 10
39 16
23 34
1 93
5 0
16 41
11 59
27 61
0 10
26 50
64 25
59 29
5 59
72 10
4 84
4 11
5 18
34 15
56 23
21 24
38 55
3 49
56 30
34 49
4 24
3 59
1 16
19 17
52 1
6 0
42 41
67 24
1 23
86 3
8 7
5 2
44 1
3 7
67 32
58 18
63 29
53 0
0 100
23 14
20 34
18 67
31 36
14 23
80 16
9 67
5 24
31 3
5 16
42 21
18 14
8 1
14 39
55 6
78 12
39 10
11 17
5 60
73 20
45 54
1 1
9 20
11 14
35 56
41 13
1 83
1 38
28 27
45 14
18 13
11 4
22 36
21 35
43 9
28 0
23 48
1 27
55 34
56 38
40 26
74 13
37 3
1 1
4 0
1 1
20 2
47 10
57 2
1 25
54 32
8 2
14 30
31 32
17 5
9 15
24 66
48 46
14 1
0 0
50 29
1 0
31 12
14 56
16 83
52 37
6 72
86 6
27 53
17 4
31 58
17 60
51 7
12 62
20 17
10 3
3 30
47 30
53 6
0 21
90 2
14 3
28 3
2 79
2 15
60 2
88 5
23 46
1 1
33 12
38 42
61 20
28 65
18 69
23 2
65 28
30 36
37 53
25 24
43 13
27 39
83 1
54 46
10 80
11 2
29 5
42 38
0 64
18 32
9 2
54 6
55 10
1 39
54 10
18 66
0 54
9 6
12 20
28 47
36 5
14 3
62 10
2 15
36 52
67 26
40 52
17 7
53 7
52 9
7 26
23 36
21 5
11 26
5 71
7 70
18 20
9 26
11 15
16 17
59 27
14 5
43 6
17 67
70 19
9 77
7 31
0 20
0 6
12 59
19 11
30 6
5 6
7 81
39 17
56 2
6 1
18 5
11 28
25 38
14 30
23 0
11 89
24 15
58 1
53 28
4 0
16 42
54 38
24 6
4 9
30 52
1 16
52 45
15 53
37 40
15 4
67 12
12 33
6 18
46 0
14 11
42 2
11 12
17 30
1 2
15 1
24 17
0 49
13 26
17 1
6 37
35 45
1 10
20 0
34 6
6 10
5 71
47 26
39 4
95 1
11 1
23 33
16 16
26 67
1 2
15 9
26 13
2 0
26 19
69 0
12 46
3 0
13 12
8 67
38 10
1 19
47 0
29 5
37 4
47 7
16 10
7 33
6 26
32 5
39 37
41 37
63 30
48 50
31 21
1 1
19 50
0 21
1 75
2 57
13 0
4 3
44 38
34 50
1 4
12 20
31 3
3 12
11 8
6 39
11 0
41 14
13 1
1 9
24 11
16 57
75 24
78 9
92 5
95 0
13 20
23 29
14 5
14 29
37 9
41 23
31 0
11 14
46 32
5 10
51 39
81 16
52 38
35 2
49 3
60 0
35 11
34 9
6 8
2 10
38 18
49 39
11 5
85 12
2 30
55 21
24 71
0 14
25 18
16 17
36 1
12 36
13 12
19 33
52 29
8 49
20 56
55 4
0 0
68 9
4 3
36 11
0 5
13 6
16 29
13 23
19 51
16 1
8 87
10 17
15 34
50 4
30 50
38 2
46 50
76 2
54 40
4 93
19 9
51 14
24 34
13 33
2 0
55 22
54 44
51 8
13 18
52 26
78 12
48 11
2 23
16 30
4 10
61 3
49 32
1 40
26 4
10 11
44 13
68 1
50 14
17 16
3 4
7 29
31 9
73 17
3 20
9 0
42 25
38 7
14 4
6 12
32 42
76 4
1 79
14 47
16 14
16 40
43 53
8 8
21 38
33 14
2 4
5 94
43 36
70 23
7 14
18 53
52 36
9 39
22 33
62 19
2 31
57 29
1 38
22 31
61 15
9 81
98 2
17 52
34 63
13 31
83 0
8 30
19 11
9 20
27 52
26 8
43 27
10 12
1 2
2 15
27 10
24 21
26 26
31 48
45 12
79 1
13 74
4 63
6 60
7 28
37 4
7 1
3 68
20 22
13 12
48 39
1 63
38 31
41 28
20 4
14 39
46 6
0 89
18 76
31 28
9 85
65 23
1 5
33 6
40 33
2 77
51 40
68 28
2 4
41 8
762
2 139
3 495
4 380
5 589
6 134
7 751
8 624
9 169
10 256
11 692
12 762
13 518
14 115
15 262
16 255
17 641
18 439
19 374
20 144
21 306
22 433
23 322
24 28
25 106
26 403
27 440
28 222
29 745
30 716
31 483
32 14
33 637
34 237
35 333
36 521
37 235
38 328
39 531
40 124
41 577
42 676
43 156
44 753
45 553
46 566
47 422
48 737
49 719
50 534
51 123
52 443
53 171
54 460
55 599
56 118
57 456
58 249
59 384
60 735
61 162
62 698
63 580
64 220
65 478
66 667
67 546
68 340
69 367
70 674
71 184
72 49
73 137
74 151
75 63
76 734
77 760
78 335
79 704
80 454
81 176
82 496
83 300
84 91
85 211
86 681
87 32
88 616
89 199
90 4
91 680
92 636
93 203
94 369
95 646
96 93
97 159
98 202
99 67
100 508
101 717
102 396
103 66
104 372
105 579
106 758
107 547
108 348
109 150
110 638
111 750
112 90
113 538
114 606
115 494
116 605
117 293
118 498
119 1
120 532
121 218
122 251
123 194
124 530
125 10
126 591
127 363
128 278
129 562
130 357
131 179
132 672
133 510
134 130
135 757
136 448
137 481
138 707
139 219
140 70
141 410
142 509
143 596
144 332
145 417
146 104
147 473
148 268
149 424
150 131
151 659
152 311
153 408
154 733
155 129
156 102
157 317
158 671
159 128
160 294
161 312
162 726
163 520
164 362
165 523
166 42
167 160
168 382
169 708
170 358
171 212
172 198
173 502
174 75
175 224
176 633
177 742
178 459
179 436
180 689
181 223
182 607
183 385
184 752
185 586
186 329
187 419
188 657
189 25
190 231
191 597
192 618
193 574
194 476
195 361
196 265
197 116
198 709
199 688
200 260
201 402
202 587
203 575
204 700
205 423
206 694
207 145
208 569
209 602
210 276
211 449
212 30
213 407
214 663
215 84
216 87
217 140
218 535
219 323
220 391
221 158
222 19
223 27
224 411
225 241
226 759
227 675
228 210
229 135
230 610
231 344
232 127
233 120
234 522
235 331
236 206
237 175
238 695
239 425
240 13
241 414
242 578
243 499
244 650
245 321
246 697
247 108
248 52
249 47
250 600
251 360
252 373
253 279
254 163
255 572
256 347
257 497
258 132
259 275
260 724
261 457
262 342
263 576
264 649
265 355
266 539
267 133
268 238
269 39
270 168
271 343
272 190
273 705
274 365
275 327
276 94
277 239
278 227
279 679
280 55
281 634
282 50
283 463
284 545
285 244
286 22
287 247
288 77
289 461
290 536
291 9
292 73
293 629
294 110
295 693
296 68
297 307
298 29
299 661
300 287
301 313
302 309
303 95
304 338
305 441
306 290
307 78
308 690
309 351
310 413
311 398
312 543
313 550
314 748
315 471
316 653
317 288
318 192
319 487
320 582
321 525
322 567
323 565
324 296
325 240
326 492
327 563
328 608
329 500
330 613
331 99
332 453
333 549
334 479
335 464
336 511
337 89
338 142
339 465
340 375
341 612
342 526
343 216
344 315
345 289
346 386
347 280
348 54
349 655
350 31
351 701
352 389
353 761
354 723
355 628
356 325
357 619
358 741
359 445
360 394
361 253
362 354
363 722
364 558
365 475
366 320
367 485
368 149
369 33
370 666
371 16
372 469
373 59
374 195
375 480
376 528
377 721
378 125
379 295
380 541
381 148
382 477
383 559
384 746
385 684
386 645
387 468
388 258
389 652
390 387
391 418
392 683
393 623
394 40
395 100
396 712
397 581
398 113
399 678
400 614
401 656
402 97
403 713
404 664
405 18
406 409
407 552
408 147
409 111
410 69
411 415
412 611
413 174
414 38
415 568
416 201
417 303
418 390
419 548
420 450
421 60
422 484
423 670
424 609
425 488
426 627
427 164
428 272
429 114
430 544
431 308
432 339
433 243
434 96
435 658
436 225
437 117
438 513
439 45
440 730
441 146
442 71
443 368
444 426
445 319
446 252
447 702
448 330
449 301
450 736
451 731
452 180
453 395
454 756
455 519
456 447
457 230
458 747
459 74
460 551
461 364
462 429
463 507
464 501
465 48
466 208
467 34
468 506
469 405
470 56
471 430
472 53
473 233
474 281
475 643
476 504
477 161
478 404
479 82
480 444
481 80
482 205
483 665
484 754
485 107
486 537
487 334
488 81
489 12
490 451
491 397
492 152
493 283
494 647
495 101
496 187
497 65
498 165
499 214
500 177
501 651
502 639
503 229
504 302
505 466
506 64
507 631
508 703
509 564
510 8
511 57
512 442
513 491
514 92
515 46
516 489
517 524
518 182
519 346
520 88
521 318
522 286
523 273
524 109
525 729
526 36
527 493
528 310
529 23
530 540
531 621
532 682
533 583
534 555
535 446
536 595
537 412
538 269
539 353
540 193
541 490
542 381
543 304
544 173
545 557
546 452
547 431
548 264
549 654
550 400
551 188
552 687
553 554
554 350
555 393
556 739
557 725
558 285
559 316
560 254
561 691
562 326
563 7
564 590
565 482
566 37
567 635
568 178
569 455
570 640
571 181
572 186
573 630
574 584
575 598
576 143
577 728
578 76
579 197
580 648
581 336
582 35
583 259
584 185
585 644
586 263
587 696
588 615
589 41
590 377
591 299
592 438
593 246
594 217
595 155
596 21
597 126
598 570
599 359
600 209
601 743
602 215
603 196
604 592
605 668
606 515
607 266
608 744
609 341
610 232
611 437
612 401
613 594
614 542
615 172
616 486
617 711
618 356
619 458
620 242
621 292
622 427
623 529
624 267
625 291
626 470
627 379
628 271
629 434
630 119
631 15
632 282
633 226
634 462
635 191
636 170
637 416
638 352
639 512
640 284
641 740
642 44
643 406
644 660
645 383
646 204
647 207
648 699
649 200
650 625
651 43
652 61
653 58
654 122
655 112
656 378
657 141
658 561
659 221
660 298
661 620
662 516
663 706
664 514
665 626
666 503
667 213
668 603
669 270
670 617
671 642
672 604
673 305
674 371
675 6
676 392
677 593
678 399
679 710
680 370
681 51
682 727
683 274
684 248
685 245
686 2
687 467
688 517
689 669
690 62
691 228
692 533
693 349
694 277
695 588
696 236
697 314
698 17
699 121
700 472
701 505
702 556
703 732
704 86
705 366
706 718
707 432
708 183
709 72
710 24
711 573
712 686
713 622
714 83
715 677
716 103
717 11
718 250
719 157
720 715
721 5
722 189
723 138
724 601
725 421
726 428
727 673
728 474
729 345
730 527
731 3
732 435
733 261
734 749
735 738
736 388
737 98
738 685
739 560
740 166
741 714
742 720
743 153
744 420
745 136
746 324
747 167
748 585
749 662
750 105
751 297
752 234
753 337
754 257
755 755
756 79
757 154
758 571
759 26
760 376
761 20
762 632
12 2
24 26
13 44
11 12
17 31
13 1
21 34
17 16
40 53
16 33
13 61
2 16
13 73
1 1
19 8
31 59
1 0
31 66
22 5
91 5
1 14
8 45
24 26
0 2
33 15
10 6
2 10
31 22
14 69
13 19
8 23
61 4
11 49
2 8
42 26
0 3
33 61
12 47
30 45
21 2
14 21
6 4
43 1
50 33
11 58
13 49
62 7
36 2
1 16
22 63
2 0
81 15
2 86
6 3
32 9
5 11
23 67
7 32
9 75
28 10
41 12
7 71
5 63
2 32
90 2
2 25
15 22
17 54
54 40
40 48
6 27
32 34
38 17
66 2
45 14
42 30
11 20
53 2
11 70
31 38
32 15
13 5
24 54
5 1
4 6
8 12
15 44
2 5
63 12
42 20
7 15
82 5
10 84
15 27
47 13
4 22
20 79
12 0
5 19
26 22
74 1
45 16
0 86
8 36
27 3
0 5
21 34
29 68
65 12
20 53
9 30
48 36
21 27
1 5
10 56
10 38
62 18
39 14
6 53
70 14
38 10
7 18
14 20
7 2
39 39
12 15
45 35
11 45
12 36
3 25
38 61
64 4
95 5
7 4
38 3
1 18
3 2
6 14
28 7
53 15
6 8
2 40
4 95
11 69
44 54
22 12
1 4
63 13
2 66
10 88
10 6
47 0
12 11
32 61
13 18
17 23
56 11
13 0
30 65
26 3
16 27
46 24
36 29
0 52
7 2
50 49
88 9
5 14
15 45
32 12
0 81
86 0
23 26
38 59
65 15
1 14
44 21
2 51
4 6
7 17
8 18
43 49
32 64
31 61
2 31
39 11
3 4
40 49
28 7
3 0
17 18
29 45
85 9
0 1
1 2
12 77
53 43
0 13
58 5
48 0
36 3
46 26
5 2
60 10
19 59
47 2
19 61
15 61
0 16
28 21
14 3
8 27
55 18
13 56
37 24
46 1
19 71
27 32
28 61
56 32
25 7
14 6
7 14
7 20
0 1
72 4
61 3
64 25
4 9
7 6
27 9
24 65
12 9
21 14
3 38
17 5
14 47
0 4
15 3
43 32
18 45
52 23
81 18
42 0
6 51
34 21
21 13
19 31
66 18
3 3
30 38
54 38
25 19
6 73
0 86
7 22
44 34
10 45
2 69
43 52
19 37
8 70
60 23
39 7
1 6
23 5
93 4
3 4
24 14
53 8
22 29
32 65
37 4
52 20
21 12
0 0
41 57
7 1
36 42
42 31
23 3
11 57
39 31
23 68
13 7
1 1
80 0
15 2
68 1
22 14
1 72
0 18
58 4
46 32
14 29
17 31
57 7
83 1
37 62
39 30
27 57
22 2
19 33
23 34
14 37
35 0
56 37
26 6
15 74
43 43
13 2
71 26
0 7
13 3
64 12
71 24
12 78
2 49
0 3
6 11
68 30
0 96
3 4
2 2
25 27
64 28
37 3
0 54
1 4
86 11
12 52
6 36
6 19
2 4
20 45
4 34
55 27
5 2
3 10
5 30
26 35
0 0
3 4
28 22
73 10
21 5
23 1
16 64
0 2
35 56
0 10
22 15
51 2
4 69
35 31
45 16
63 34
12 21
16 0
71 23
24 74
37 61
5 11
24 33
92 1
18 82
3 5
34 23
67 12
15 26
44 11
93 7
5 2
27 40
19 60
53 19
97 3
19 9
1 51
7 50
20 24
2 34
55 32
16 75
2 0
16 14
19 11
1 90
25 33
5 77
33 1
66 3
32 9
67 17
34 38
49 43
12 0
41 31
56 39
28 69
30 2
9 12
40 26
51 17
1 2
6 24
58 33
69 21
53 15
18 24
3 24
15 1
2 7
58 10
60 38
12 15
61 32
32 47
1 3
21 25
47 31
32 20
3 79
36 28
56 4
29 56
49 6
36 10
0 15
24 34
36 5
4 12
94 5
86 14
2 2
16 2
11 76
14 1
1 9
5 23
50 17
35 16
0 0
27 28
20 6
13 19
3 71
19 13
22 23
7 16
2 0
12 60
25 36
13 22
20 15
41 44
1 8
27 70
33 49
26 60
9 20
21 6
35 57
3 8
0 0
45 17
6 1
30 31
20 11
19 7
10 2
69 5
6 15
15 5
2 83
13 5
19 39
7 0
67 14
15 26
0 52
2 15
0 40
7 27
5 30
25 51
5 33
6 7
0 14
68 26
48 30
7 4
10 16
3 24
4 17
44 42
41 8
14 47
38 8
9 9
3 40
7 22
34 16
4 1
1 5
53 38
65 21
0 4
4 16
7 47
5 1
4 34
33 1
13 10
22 21
9 13
52 24
1 21
20 77
53 47
3 15
73 13
57 1
68 20
6 42
9 6
11 75
33 46
0 81
20 18
2 56
16 74
3 38
9 64
45 10
4 50
47 2
5 20
14 1
7 53
4 74
44 8
1 1
27 46
1 25
26 12
1 1
37 8
44 54
5 28
7 4
16 8
0 1
41 4
44 3
10 4
52 4
59 36
1 1
0 6
83 13
89 0
0 0
1 5
52 11
8 74
43 38
0 0
14 11
2 7
14 10
13 69
1 0
39 6
3 10
14 46
0 6
16 22
0 1
2 1
38 39
21 22
0 2
61 34
8 55
2 68
13 5
4 10
1 43
11 10
13 59
23 28
23 3
13 42
22 2
42 28
30 9
0 0
4 12
43 29
3 0
6 1
21 4
18 41
33 9
17 11
31 15
30 33
25 42
0 6
26 17
3 49
32 8
1 8
0 0
13 36
2 25
32 2
43 40
53 34
3 29
20 68
5 8
51 23
3 28
49 41
18 11
46 10
18 1
13 43
1 0
25 26
5 13
0 3
21 3
31 15
37 5
8 82
6 27
35 61
5 23
69 6
26 27
39 51
49 1
2 9
14 67
76 5
18 77
42 3
36 33
16 24
8 38
17 0
60 20
3 8
20 24
9 12
34 33
44 21
8 58
49 45
53 28
3 19
60 21
15 2
6 84
4 29
20 18
53 14
82 14
7 1
23 2
80 5
53 27
14 14
46 46
29 48
88 0
77 7
23 22
58 21
42 3
49 39
1 16
54 37
11 38
27 56
1 7
7 7
85 10
80 5
25 61
2 36
79 17
6 4
0 37
10 81
55 4
22 8
1 13
15 45
40 24
0 27
10 26
62 36
2 1
10 89
34 36
65 6
7 78
88 8
7 15
18 12
19 8
70 12
70 14
25 64
5 0
6 6
12 61
7 92
11 38
0 60
29 11
57 24
17 15
1 0
22 21
17 58
7 51
39 18
45 36
36 15
14 34
47 0
19 77
3 7
26 4
63 18
0 69
6 14
21 50
5 6
43 6
25 49
39 2
6 30
44 8
85 6
32 6
53 22
16 63
56 27
16 43
28 39
5 30
28 30
37 9
31 44
20 13
4 19
541
2 81
3 318
4 423
5 36
6 492
7 286
8 525
9 444
10 472
11 330
12 493
13 478
14 282
15 71
16 315
17 55
18 249
19 103
20 335
21 1
22 494
23 520
24 471
25 44
26 295
27 464
28 450
29 422
30 300
31 395
32 99
33 501
34 220
35 502
36 247
37 455
38 275
39 148
40 253
41 533
42 35
43 156
44 285
45 88
46 419
47 198
48 517
49 331
50 184
51 101
52 297
53 411
54 378
55 515
56 34
57 2
58 354
59 487
60 219
61 374
62 202
63 123
64 503
65 505
66 138
67 63
68 284
69 13
70 134
71 307
72 144
73 164
74 237
75 454
76 273
77 540
78 305
79 86
80 460
81 496
82 120
83 256
84 278
85 537
86 313
87 59
88 391
89 309
90 506
91 110
92 429
93 490
94 65
95 283
96 166
97 78
98 337
99 106
100 114
101 457
102 499
103 280
104 257
105 167
106 180
107 522
108 23
109 512
110 240
111 372
112 24
113 46
114 510
115 306
116 270
117 272
118 245
119 188
120 407
121 45
122 526
123 69
124 358
125 118
126 317
127 61
128 294
129 140
130 320
131 84
132 488
133 40
134 201
135 58
136 498
137 368
138 37
139 437
140 80
141 425
142 206
143 145
144 105
145 453
146 186
147 290
148 82
149 66
150 528
151 281
152 486
153 102
154 121
155 135
156 518
157 500
158 131
159 401
160 342
161 254
162 461
163 250
164 376
165 50
166 149
167 379
168 347
169 485
170 412
171 194
172 90
173 479
174 508
175 209
176 267
177 52
178 536
179 210
180 369
181 97
182 26
183 93
184 424
185 25
186 108
187 340
188 388
189 432
190 497
191 327
192 513
193 384
194 10
195 30
196 6
197 246
198 349
199 83
200 4
201 213
202 346
203 204
204 94
205 298
206 130
207 234
208 161
209 370
210 402
211 363
212 203
213 409
214 75
215 230
216 377
217 115
218 263
219 216
220 443
221 438
222 534
223 316
224 446
225 205
226 482
227 431
228 389
229 177
230 129
231 9
232 41
233 481
234 447
235 341
236 133
237 57
238 189
239 312
240 383
241 373
242 226
243 232
244 329
245 54
246 111
247 359
248 355
249 511
250 238
251 322
252 126
253 79
254 366
255 458
256 100
257 168
258 531
259 521
260 147
261 405
262 72
263 244
264 271
265 462
266 527
267 382
268 451
269 255
270 15
271 448
272 262
273 178
274 191
275 339
276 442
277 385
278 132
279 175
280 208
281 435
282 169
283 258
284 449
285 143
286 21
287 212
288 217
289 344
290 410
291 474
292 304
293 91
294 49
295 228
296 293
297 396
298 296
299 141
300 233
301 31
302 311
303 274
304 345
305 33
306 264
307 351
308 426
309 239
310 380
311 470
312 452
313 98
314 403
315 524
316 516
317 190
318 60
319 400
320 292
321 519
322 276
323 360
324 142
325 348
326 414
327 404
328 260
329 466
330 28
331 152
332 42
333 504
334 68
335 456
336 85
337 173
338 406
339 357
340 196
341 222
342 439
343 399
344 436
345 185
346 465
347 333
348 192
349 430
350 473
351 236
352 174
353 269
354 321
355 43
356 47
357 159
358 291
359 227
360 434
361 182
362 387
363 393
364 319
365 289
366 459
367 427
368 122
369 117
370 413
371 381
372 125
373 197
374 14
375 332
376 70
377 514
378 214
379 523
380 116
381 261
382 324
383 218
384 418
385 323
386 195
387 8
388 532
389 96
390 468
391 74
392 480
393 231
394 314
395 64
396 157
397 62
398 32
399 489
400 420
401 301
402 441
403 229
404 390
405 27
406 417
407 139
408 277
409 356
410 433
411 158
412 530
413 128
414 299
415 172
416 19
417 7
418 507
419 365
420 361
421 51
422 67
423 364
424 16
425 22
426 338
427 495
428 248
429 326
430 484
431 183
432 119
433 252
434 394
435 371
436 170
437 146
438 266
439 241
440 153
441 408
442 124
443 467
444 428
445 328
446 509
447 160
448 415
449 421
450 127
451 343
452 475
453 287
454 92
455 18
456 87
457 367
458 112
459 181
460 353
461 336
462 3
463 211
464 265
465 20
466 162
467 171
468 477
469 53
470 539
471 259
472 193
473 469
474 221
475 17
476 137
477 392
478 12
479 302
480 242
481 251
482 235
483 176
484 38
485 440
486 113
487 386
488 187
489 107
490 445
491 279
492 541
493 163
494 397
495 375
496 56
497 77
498 155
499 538
500 5
501 491
502 362
503 150
504 48
505 268
506 199
507 76
508 463
509 476
510 89
511 39
512 104
513 308
514 529
515 223
516 352
517 225
518 207
519 398
520 483
521 303
522 179
523 215
524 200
525 109
526 416
527 154
528 334
529 73
530 11
531 243
532 151
533 165
534 535
535 95
536 325
537 136
538 29
539 224
540 288
541 350
17 13
6 91
16 18
1 0
33 32
36 11
35 51
51 6
70 17
44 55
72 1
12 0
36 50
45 30
47 20
1 0
37 17
33 51
0 11
39 35
13 49
38 8
33 20
19 36
71 28
23 35
1 42
13 2
10 0
53 23
3 7
39 47
45 22
30 53
53 5
25 42
59 27
5 14
12 2
40 7
65 14
11 76
29 0
63 0
62 5
6 9
14 8
48 43
16 5
27 25
28 20
3 26
7 32
23 72
36 1
1 6
7 39
23 42
8 50
16 35
5 17
33 32
78 9
0 12
17 8
73 3
38 53
15 46
35 34
11 57
48 48
13 45
51 49
16 8
10 56
33 36
17 57
28 5
58 39
13 72
6 10
26 24
28 48
3 2
2 4
9 39
0 73
69 29
25 7
11 28
4 7
7 11
0 4
38 3
65 18
14 74
45 5
25 18
26 5
100 0
56 4
13 56
46 0
41 48
25 34
12 12
21 54
9 75
7 22
2 35
5 64
3 59
6 17
1 57
0 6
6 23
2 20
22 13
19 11
31 6
5 71
6 0
4 29
1 35
2 48
3 23
0 3
12 13
39 40
34 23
1 0
15 10
43 31
5 15
1 4
28 2
1 27
65 17
81 18
32 35
63 19
29 20
4 9
33 13
10 8
9 4
27 0
0 9
63 4
27 40
1 1
2 11
7 11
71 1
24 24
13 74
0 1
29 33
10 10
83 10
20 24
7 79
3 42
44 9
0 0
35 8
25 8
36 47
12 6
0 10
3 9
6 7
44 56
12 20
1 23
26 45
72 2
38 16
37 1
15 59
14 29
46 41
56 19
2 6
41 50
39 20
61 27
11 10
48 18
4 8
36 14
52 37
32 9
1 0
14 14
57 23
3 6
36 11
2 9
21 3
11 1
70 21
14 60
7 2
28 12
37 27
4 11
44 4
46 21
66 27
26 1
57 16
6 23
10 35
1 37
48 6
60 17
12 5
7 66
16 20
83 4
72 5
14 5
37 1
40 4
35 39
53 9
8 3
37 55
34 5
17 40
43 26
12 8
47 4
0 2
48 47
2 15
17 36
30 53
8 3
3 22
41 51
6 0
3 32
42 45
57 31
6 17
19 12
32 20
26 3
27 67
37 44
33 24
14 6
50 27
31 10
11 8
13 4
42 15
32 11
35 26
75 0
44 9
81 13
56 14
10 4
3 8
25 16
32 1
8 10
11 87
8 66
3 22
6 0
47 3
22 47
67 13
18 48
1 76
69 2
8 49
18 22
35 24
43 54
21 12
25 2
2 17
28 6
10 61
34 36
28 29
91 3
46 18
34 51
9 6
27 28
7 64
8 0
30 46
21 23
53 3
4 23
1 97
35 46
31 9
11 33
3 24
17 28
15 9
1 22
8 63
97 2
10 1
6 28
43 27
2 43
6 0
18 2
76 6
24 24
54 10
54 25
24 14
0 0
33 24
38 18
2 24
59 30
3 6
1 12
39 1
19 58
23 23
16 81
14 86
41 4
20 24
21 40
13 0
59 12
26 19
6 64
53 3
36 23
4 7
53 5
60 20
16 38
4 33
33 66
15 45
2 15
58 15
36 1
0 2
13 14
18 27
17 3
0 3
81 12
51 28
0 1
49 45
31 4
11 47
4 34
44 8
38 4
23 45
1 18
22 55
59 17
72 28
21 71
32 27
0 20
35 41
18 19
14 64
8 21
1 0
49 19
0 2
1 1
51 44
7 41
49 9
42 27
55 28
24 53
51 33
49 11
10 13
49 3
8 14
36 56
18 33
64 19
5 68
18 24
17 13
47 28
76 16
6 2
0 12
38 60
72 1
14 12
1 1
3 29
17 25
57 11
6 9
12 61
28 22
1 9
58 0
20 16
33 28
45 42
4 15
56 31
38 35
11 23
26 24
12 24
16 58
63 35
84 10
65 20
42 58
1 33
4 70
15 19
19 52
17 83
40 0
12 6
20 63
53 37
2 6
54 3
36 12
8 12
7 6
80 10
24 70
0 0
7 11
9 65
32 46
26 52
1 23
23 40
2 6
0 4
62 28
60 31
11 22
25 45
15 74
64 11
54 5
9 21
27 20
0 10
1 1
12 88
65 0
19 57
7 17
35 33
5 88
61 10
9 67
2 24
2 7
3 2
10 6
70 25
53 38
18 69
5 1
0 2
31 43
5 19
12 40
26 47
15 77
6 25
14 77
4 0
4 1
5 1
13 21
16 49
5 1
29 68
33 53
87 5
24 7
1 0
7 31
3 12
10 7
34 66
49 50
6 29
70 13
29 54
34 2
45 5
4 24
18 15
54 17
0 0
6 46
7 63
41 56
29 0
0 0
7 42
11 78
2 28
53 37
28 27
18 79
4 1
1 1
7 67
12 52
14 14
7 13
1 2
0 4
19 16
44 34
54 37
26 15
38 7
30 18
24
2 12
3 21
4 14
5 5
6 1
7 23
8 4
9 17
10 6
11 7
12 18
13 19
14 13
15 16
16 22
17 9
18 15
19 11
20 8
21 2
22 10
23 20
24 24
4 35
57 9
26 72
28 2
10 59
24 22
23 71
42 40
8 17
31 30
8 35
21 23
5 10
28 11
25 6
3 89
29 68
38 11
3 23
31 69
6 38
64 18
31 37
82 3
260
2 188
3 51
4 46
5 115
6 116
7 128
8 91
9 73
10 65
11 189
12 232
13 179
14 19
15 44
16 148
17 159
18 96
19 149
20 36
21 127
22 43
23 124
24 101
25 169
26 260
27 143
28 221
29 66
30 185
31 42
32 125
33 76
34 153
35 8
36 257
37 237
38 132
39 80
40 255
41 72
42 79
43 70
44 151
45 158
46 199
47 58
48 4
49 198
50 117
51 244
52 239
53 112
54 249
55 165
56 162
57 246
58 190
59 252
60 242
61 141
62 253
63 254
64 156
65 142
66 161
67 99
68 176
69 240
70 62
71 59
72 114
73 110
74 74
75 213
76 3
77 174
78 231
79 134
80 28
81 37
82 122
83 234
84 224
85 164
86 120
87 201
88 138
89 170
90 71
91 29
92 20
93 52
94 33
95 184
96 212
97 157
98 95
99 215
100 146
101 77
102 56
103 229
104 68
105 186
106 160
107 35
108 123
109 88
110 48
111 17
112 251
113 1
114 259
115 203
116 18
117 60
118 97
119 236
120 216
121 103
122 205
123 54
124 102
125 15
126 166
127 155
128 53
129 171
130 191
131 200
132 207
133 5
134 228
135 187
136 168
137 50
138 41
139 21
140 195
141 193
142 38
143 181
144 223
145 217
146 9
147 107
148 208
149 98
150 92
151 227
152 167
153 84
154 108
155 180
156 175
157 218
158 135
159 106
160 40
161 13
162 7
163 163
164 22
165 55
166 225
167 57
168 243
169 210
170 12
171 226
172 209
173 194
174 133
175 245
176 211
177 26
178 119
179 204
180 140
181 93
182 78
183 121
184 31
185 75
186 197
187 39
188 131
189 45
190 129
191 89
192 61
193 136
194 105
195 178
196 104
197 222
198 220
199 16
200 34
201 69
202 14
203 248
204 241
205 219
206 47
207 154
208 30
209 145
210 81
211 10
212 206
213 177
214 2
215 183
216 172
217 85
218 214
219 86
220 152
221 144
222 6
223 67
224 137
225 139
226 49
227 94
228 118
229 196
230 238
231 113
232 32
233 23
234 126
235 150
236 256
237 109
238 63
239 100
240 24
241 173
242 82
243 182
244 230
245 258
246 90
247 64
248 235
249 111
250 83
251 147
252 233
253 27
254 87
255 202
256 25
257 130
258 247
259 250
260 11
6 60
0 37
54 18
45 28
79 12
42 0
13 7
16 8
6 30
1 9
0 3
3 1
13 9
32 17
7 79
11 68
17 39
6 8
35 24
16 3
2 59
23 2
12 9
5 11
0 0
8 0
27 28
81 10
1 0
9 74
25 18
17 23
1 51
13 10
1 22
34 43
38 62
6 69
3 2
31 46
9 38
10 30
22 20
21 43
16 9
55 36
8 33
54 3
30 14
15 63
38 7
26 24
33 13
3 25
3 57
0 2
28 62
24 9
31 49
34 64
10 5
39 49
11 65
9 7
8 29
41 36
54 20
41 23
16 50
13 35
25 25
13 68
37 18
68 17
9 55
49 33
10 17
6 23
84 13
6 45
7 32
10 6
85 8
1 3
70 4
0 11
32 3
0 4
10 33
3 0
38 30
56 29
60 29
59 11
14 48
0 0
12 2
72 3
4 22
34 57
28 69
16 4
11 31
0 0
41 0
32 7
14 49
28 6
66 4
51 8
20 1
37 55
19 25
0 1
2 15
20 29
1 64
26 20
2 90
23 20
1 7
21 63
78 4
24 27
50 11
1 45
26 39
1 0
9 0
11 3
37 26
22 13
17 5
11 17
6 20
34 19
39 11
4 77
0 55
39 7
1 3
1 4
3 0
38 48
16 79
14 42
62 19
27 2
11 4
26 9
7 76
24 21
47 40
8 65
68 23
32 46
4 2
38 2
47 40
67 2
21 34
68 4
6 51
7 48
0 5
0 0
3 32
5 29
1 51
14 17
31 4
49 3
0 28
28 34
13 29
23 37
87 6
53 2
2 39
5 51
0 0
17 0
23 44
64 9
22 4
8 28
53 4
41 24
14 21
7 4
89 3
1 9
1 65
1 0
30 62
20 20
12 9
54 6
5 6
6 54
33 16
42 11
15 3
4 2
3 1
37 60
13 11
1 66
2 3
12 7
2 59
21 55
1 4
18 9
18 22
43 12
52 21
43 16
2 3
2 78
3 16
60 38
20 60
26 50
7 38
11 0
21 5
16 18
13 20
15 19
10 36
9 29
8 1
11 45
90 9
51 5
19 0
44 16
10 53
37 41
3 2
62 18
25 31
21 47
2 1
1 3
0 3
28 24
4 13
18 0
41 59
66 13
53 4
0 1
70 4
32 27
11 82
1 10
33 10
6 67
203
2 72
3 88
4 158
5 188
6 156
7 201
8 86
9 155
10 121
11 73
12 19
13 11
14 126
15 64
16 196
17 118
18 94
19 82
20 127
21 57
22 35
23 53
24 115
25 138
26 199
27 22
28 20
29 152
30 87
31 146
32 139
33 128
34 96
35 134
36 10
37 178
38 120
39 190
40 28
41 38
42 49
43 132
44 116
45 147
46 8
47 32
48 15
49 181
50 60
51 80
52 125
53 17
54 160
55 163
56 44
57 69
58 61
59 25
60 182
61 191
62 143
63 194
64 12
65 153
66 83
67 136
68 98
69 76
70 6
71 48
72 79
73 197
74 47
75 112
76 169
77 55
78 100
79 186
80 142
81 200
82 90
83 110
84 89
85 99
86 119
87 203
88 92
89 189
90 63
91 129
92 1
93 101
94 171
95 195
96 177
97 187
98 131
99 107
100 93
101 58
102 183
103 74
104 179
105 167
106 165
107 173
108 39
109 7
110 198
111 36
112 175
113 5
114 75
115 111
116 157
117 144
118 168
119 68
120 180
121 81
122 78
123 154
124 117
125 91
126 14
127 40
128 159
129 124
130 2
131 62
132 66
133 103
134 16
135 85
136 192
137 43
138 29
139 113
140 151
141 174
142 202
143 50
144 95
145 33
146 166
147 137
148 41
149 9
150 164
151 133
152 150
153 108
154 59
155 130
156 54
157 140
158 65
159 26
160 145
161 161
162 193
163 31
164 3
165 135
166 170
167 37
168 34
169 122
170 84
171 185
172 172
173 45
174 106
175 56
176 70
177 109
178 52
179 30
180 24
181 149
182 123
183 162
184 114
185 4
186 184
187 13
188 21
189 102
190 176
191 18
192 71
193 104
194 51
195 67
196 23
197 46
198 148
199 77
200 97
201 27
202 105
203 141
5 48
95 2
53 17
63 32
50 43
10 13
35 43
0 50
85 1
56 9
0 9
63 26
1 1
1 3
9 16
30 17
24 7
20 0
9 54
19 35
67 21
4 59
42 30
59 25
58 10
39 13
23 15
15 39
26 13
4 75
26 12
39 18
68 28
4 41
10 27
43 40
0 0
29 4
45 2
22 43
10 55
3 79
82 15
29 21
11 19
34 24
2 15
15 32
7 82
5 3
6 10
1 4
84 16
25 15
77 4
22 5
42 12
11 1
18 37
3 19
18 41
16 9
8 10
4 6
14 8
26 11
1 43
55 45
7 30
43 12
27 23
15 4
6 88
30 23
62 7
3 7
55 1
22 45
0 0
40 22
62 38
49 3
48 12
40 57
4 8
4 4
4 34
18 53
59 18
6 84
47 21
43 55
11 9
2 1
1 21
19 13
2 2
15 15
10 0
1 12
58 36
16 8
8 46
21 3
6 15
29 40
20 4
12 6
29 16
20 40
17 57
0 33
37 52
28 2
5 5
5 3
10 16
22 7
39 55
64 28
34 5
17 10
44 40
41 9
0 1
7 44
56 20
15 61
13 10
9 61
0 78
40 22
22 44
55 30
41 31
10 0
16 4
29 23
46 34
18 80
64 35
35 6
53 22
57 12
12 7
13 32
73 4
3 54
14 6
76 24
1 2
48 39
32 4
2 15
70 7
0 3
1 11
0 42
6 17
22 52
31 20
5 6
34 64
10 4
13 33
55 31
44 29
47 51
36 60
77 15
16 62
5 5
46 24
44 10
23 50
20 4
16 45
11 51
26 7
8 16
1 80
32 4
6 7
23 9
23 6
2 0
13 53
17 70
19 0
18 8
19 73
8 14
12 27
46 0
20 3
64 13
37 5
0 0
37 34
10 8
9 53
8 3
86 8
