17
274
2 99
3 264
4 28
5 107
6 272
7 65
8 14
9 262
10 72
11 103
12 135
13 23
14 154
15 134
16 13
17 210
18 8
19 215
20 52
21 96
22 80
23 33
24 114
25 227
26 57
27 190
28 32
29 205
30 50
31 60
32 229
33 51
34 82
35 207
36 152
37 62
38 243
39 202
40 94
41 199
42 66
43 191
44 11
45 4
46 58
47 101
48 260
49 25
50 69
51 47
52 49
53 166
54 192
55 271
56 41
57 39
58 209
59 48
60 253
61 64
62 70
63 214
64 59
65 155
66 193
67 244
68 112
69 175
70 26
71 83
72 230
73 127
74 203
75 7
76 194
77 36
78 217
79 132
80 113
81 225
82 71
83 78
84 43
85 150
86 187
87 88
88 61
89 167
90 68
91 228
92 10
93 143
94 266
95 173
96 73
97 84
98 241
99 85
100 147
101 144
102 221
103 149
104 206
105 123
106 137
107 34
108 183
109 189
110 201
111 104
112 164
113 146
114 170
115 222
116 9
117 98
118 236
119 141
120 255
121 240
122 232
123 6
124 239
125 17
126 56
127 29
128 208
129 171
130 188
131 2
132 226
133 252
134 38
135 270
136 130
137 151
138 245
139 53
140 95
141 115
142 91
143 220
144 15
145 251
146 184
147 182
148 74
149 86
150 16
151 20
152 156
153 224
154 162
155 118
156 213
157 235
158 90
159 159
160 21
161 77
162 211
163 160
164 76
165 263
166 169
167 89
168 27
169 125
170 200
171 257
172 274
173 179
174 181
175 138
176 109
177 12
178 1
179 122
180 197
181 119
182 237
183 128
184 129
185 40
186 97
187 153
188 242
189 106
190 168
191 259
192 165
193 37
194 19
195 204
196 233
197 108
198 31
199 145
200 267
201 111
202 246
203 157
204 180
205 22
206 161
207 234
208 110
209 116
210 3
211 177
212 248
213 249
214 195
215 102
216 120
217 238
218 174
219 256
220 172
221 261
222 219
223 269
224 5
225 87
226 268
227 100
228 35
229 75
230 117
231 185
232 30
233 93
234 273
235 218
236 250
237 178
238 81
239 216
240 254
241 196
242 148
243 265
244 124
245 223
246 126
247 198
248 67
249 121
250 186
251 176
252 54
253 136
254 158
255 45
256 258
257 231
258 55
259 42
260 92
261 131
262 163
263 79
264 247
265 18
266 46
267 105
268 140
269 142
270 24
271 44
272 63
273 212
274 133
29 2
2 84
27 56
87 2
36 20
38 38
3 76
3 4
10 28
7 14
20 58
1 16
29 64
28 47
32 52
16 44
39 35
25 10
5 5
26 18
58 19
15 44
6 7
1 5
61 3
16 5
2 0
13 6
0 25
24 13
2 24
8 70
8 3
39 21
46 49
5 7
49 19
0 67
11 50
35 33
36 11
11 79
36 52
80 7
2 47
13 10
66 10
14 9
0 5
3 88
30 54
72 5
51 12
7 89
24 53
27 27
0 2
4 49
28 33
1 93
8 8
38 7
18 41
4 30
4 8
3 32
3 87
6 12
14 63
25 47
2 17
9 11
21 37
8 8
11 17
1 0
15 33
5 0
7 2
3 44
11 33
40 12
6 18
14 47
39 11
6 14
14 24
17 27
20 14
54 22
58 38
19 79
46 0
52 36
4 0
7 20
7 11
1 33
34 12
0 0
68 21
77 20
39 57
0 18
20 3
30 48
15 16
74 11
16 21
54 28
8 17
36 3
11 0
4 5
12 20
25 65
19 20
40 10
47 0
4 91
3 36
18 29
1 5
68 10
25 4
77 19
18 38
26 50
21 1
36 63
91 0
21 29
69 3
8 15
6 1
32 5
22 0
8 34
15 8
21 30
55 45
27 8
12 28
43 43
17 12
55 18
38 52
2 16
33 50
43 38
4 31
11 25
39 9
13 5
0 15
11 36
3 57
45 5
27 28
1 32
1 50
54 11
0 0
24 22
36 54
3 44
33 6
27 14
0 6
22 9
55 39
57 24
22 16
1 26
22 28
3 49
13 4
6 25
24 17
88 10
43 40
22 6
34 6
0 1
5 76
49 0
4 35
34 33
2 6
39 52
59 6
74 2
46 50
26 64
29 60
14 80
29 70
0 7
9 0
1 3
10 0
6 50
8 59
78 12
31 17
57 42
71 15
17 6
6 3
14 38
5 6
31 9
31 59
37 38
1 4
25 5
25 1
3 1
55 43
27 21
62 7
0 0
5 9
30 70
67 20
39 41
8 26
59 15
16 1
45 9
49 10
65 16
25 6
35 15
5 16
47 10
4 16
37 60
32 55
7 0
9 5
5 64
17 27
11 72
11 39
35 15
17 7
49 39
1 4
26 47
2 4
27 13
6 4
62 2
25 30
17 19
3 54
6 0
23 38
3 85
11 3
14 1
77 18
3 9
1 0
16 53
10 27
5 36
35 60
49 25
71 1
27 20
32 32
3 1
112
2 109
3 3
4 103
5 35
6 43
7 38
8 26
9 10
10 15
11 85
12 12
13 2
14 27
15 98
16 19
17 30
18 32
19 88
20 67
21 75
22 56
23 37
24 14
25 22
26 52
27 68
28 84
29 92
30 24
31 23
32 45
33 8
34 65
35 90
36 87
37 69
38 9
39 112
40 59
41 95
42 29
43 63
44 76
45 21
46 54
47 16
48 57
49 58
50 72
51 46
52 101
53 1
54 73
55 47
56 18
57 13
58 107
59 86
60 79
61 62
62 64
63 99
64 111
65 100
66 40
67 96
68 81
69 55
70 44
71 94
72 41
73 50
74 6
75 39
76 102
77 17
78 97
79 78
80 105
81 51
82 108
83 93
84 60
85 36
86 20
87 33
88 25
89 80
90 71
91 91
92 74
93 28
94 11
95 31
96 110
97 7
98 61
99 89
100 4
101 104
102 66
103 48
104 5
105 77
106 83
107 106
108 34
109 70
110 49
111 42
112 53
1 28
13 32
61 0
2 1
15 13
5 8
59 24
10 90
42 5
54 11
45 16
3 0
55 7
5 4
60 36
25 43
33 60
10 32
67 14
41 43
40 13
1 3
5 42
30 29
17 3
11 26
30 54
72 19
0 4
3 14
40 14
17 10
52 25
8 17
0 21
34 1
18 48
11 6
59 20
30 57
9 35
7 46
5 10
13 9
9 66
43 53
27 56
20 74
1 17
14 23
30 30
10 22
25 19
23 53
9 33
85 13
41 14
33 0
9 37
8 11
4 27
9 5
23 18
1 2
0 10
30 3
28 18
99 0
63 12
57 10
10 20
33 20
80 0
2 66
17 65
4 36
8 62
65 8
11 87
6 72
13 14
19 54
62 20
18 65
18 58
30 0
2 2
18 82
33 19
54 31
43 51
44 34
6 40
55 2
1 3
20 8
0 46
67 4
1 9
66 2
9 60
2 23
19 33
34 11
57 36
27 63
23 2
4 2
0 94
19 64
55 31
28 4
263
2 241
3 190
4 122
5 150
6 105
7 32
8 103
9 140
10 163
11 157
12 183
13 165
14 234
15 235
16 197
17 27
18 101
19 88
20 147
21 227
22 257
23 136
24 104
25 73
26 186
27 8
28 119
29 148
30 5
31 78
32 220
33 129
34 249
35 48
36 155
37 57
38 213
39 145
40 222
41 139
42 59
43 14
44 37
45 51
46 252
47 233
48 35
49 195
50 228
51 153
52 38
53 128
54 40
55 100
56 89
57 247
58 175
59 69
60 42
61 242
62 263
63 36
64 95
65 262
66 110
67 185
68 9
69 207
70 26
71 221
72 80
73 253
74 182
75 29
76 238
77 111
78 192
79 107
80 226
81 106
82 137
83 162
84 72
85 166
86 250
87 196
88 85
89 152
90 44
91 208
92 143
93 158
94 82
95 64
96 171
97 132
98 46
99 184
100 77
101 170
102 71
103 120
104 199
105 22
106 33
107 25
108 206
109 67
110 15
111 41
112 76
113 194
114 109
115 11
116 87
117 1
118 149
119 211
120 75
121 125
122 58
123 177
124 214
125 31
126 243
127 126
128 218
129 121
130 203
131 224
132 114
133 39
134 127
135 86
136 108
137 256
138 178
139 255
140 138
141 52
142 50
143 116
144 4
145 181
146 47
147 130
148 173
149 54
150 244
151 229
152 174
153 60
154 167
155 6
156 204
157 7
158 16
159 240
160 217
161 191
162 261
163 151
164 79
165 66
166 188
167 135
168 230
169 13
170 55
171 131
172 70
173 141
174 168
175 20
176 53
177 225
178 98
179 232
180 21
181 236
182 118
183 45
184 193
185 146
186 30
187 19
188 34
189 133
190 176
191 189
192 223
193 23
194 239
195 164
196 202
197 61
198 134
199 154
200 93
201 63
202 200
203 74
204 94
205 144
206 102
207 83
208 99
209 210
210 49
211 212
212 117
213 12
214 2
215 92
216 112
217 259
218 113
219 10
220 246
221 156
222 251
223 90
224 179
225 142
226 205
227 248
228 215
229 237
230 124
231 159
232 260
233 68
234 62
235 28
236 18
237 209
238 187
239 245
240 65
241 96
242 258
243 169
244 254
245 123
246 3
247 56
248 219
249 115
250 201
251 91
252 81
253 231
254 161
255 216
256 24
257 17
258 97
259 43
260 198
261 84
262 180
263 172
15 44
78 4
51 2
18 4
57 35
61 25
41 59
0 18
9 8
31 9
47 11
67 10
7 1
40 41
39 27
6 80
7 0
0 11
9 36
7 12
44 40
11 53
11 40
7 4
24 27
2 7
2 0
23 8
4 14
29 66
6 2
24 40
41 14
8 37
2 53
17 8
1 3
3 2
42 12
9 65
5 7
23 61
36 24
19 12
30 53
8 81
68 11
0 0
12 1
18 51
39 34
48 17
19 13
26 24
6 35
14 9
32 2
24 42
30 9
3 10
18 11
57 24
51 38
66 29
38 3
0 1
56 29
14 74
24 1
15 82
29 52
61 11
0 13
17 31
42 35
28 24
11 5
3 4
26 71
7 38
55 32
24 11
24 38
3 61
72 20
1 2
14 27
2 41
0 8
4 60
18 3
17 13
37 60
92 1
50 46
19 4
49 13
42 5
18 26
73 2
27 56
22 7
47 28
47 5
36 62
5 16
22 69
61 21
8 17
22 7
47 48
8 26
35 62
4 13
20 20
15 35
16 42
34 59
25 34
6 45
0 4
1 0
23 62
9 69
3 2
29 0
20 51
16 62
30 10
7 63
57 14
32 55
6 1
29 8
7 64
45 29
25 53
4 94
12 3
1 10
11 6
17 75
25 1
13 5
29 47
9 49
19 80
19 14
8 7
3 27
12 13
9 23
29 63
8 0
17 5
10 3
7 53
52 33
21 14
17 0
17 17
10 55
6 19
27 18
10 14
25 8
1 52
69 7
7 82
13 7
42 2
38 0
5 49
82 1
54 27
36 22
81 13
45 17
46 5
20 26
24 47
22 20
1 5
7 28
40 31
3 11
13 58
36 55
46 44
6 9
1 30
16 56
0 66
24 40
2 86
3 48
39 27
8 14
47 7
2 16
10 21
7 89
38 55
16 70
31 10
68 5
1 9
1 1
61 21
15 14
39 20
24 20
29 11
55 31
7 25
28 3
28 26
14 81
15 53
25 74
2 68
13 45
24 44
33 10
26 10
3 1
12 49
10 2
2 12
33 27
0 15
13 28
23 60
9 90
37 60
53 10
10 31
6 14
34 0
10 58
35 63
21 1
19 5
6 8
25 63
22 6
1 23
61 9
28 13
21 23
12 6
14 45
36 34
22 47
52 47
15 0
30 39
53 23
28 11
3 39
0 32
27 67
11 3
346
2 246
3 230
4 260
5 175
6 294
7 305
8 59
9 336
10 231
11 96
12 239
13 281
14 57
15 278
16 109
17 275
18 225
19 129
20 291
21 232
22 154
23 56
24 241
25 274
26 245
27 92
28 220
29 35
30 130
31 110
32 340
33 332
34 328
35 90
36 68
37 233
38 72
39 206
40 149
41 323
42 21
43 61
44 127
45 194
46 142
47 346
48 147
49 181
50 145
51 1
52 183
53 249
54 91
55 10
56 217
57 215
58 185
59 266
60 134
61 104
62 108
63 221
64 196
65 197
66 174
67 36
68 150
69 148
70 331
71 310
72 86
73 285
74 77
75 187
76 95
77 338
78 120
79 226
80 117
81 112
82 227
83 143
84 169
85 122
86 62
87 23
88 75
89 176
90 250
91 161
92 34
93 317
94 329
95 153
96 76
97 283
98 67
99 280
100 209
101 277
102 171
103 101
104 273
105 22
106 322
107 69
108 335
109 342
110 302
111 296
112 63
113 223
114 131
115 192
116 237
117 247
118 184
119 66
120 135
121 289
122 288
123 319
124 309
125 297
126 219
127 100
128 158
129 198
130 11
131 327
132 151
133 216
134 341
135 162
136 46
137 312
138 344
139 43
140 311
141 167
142 315
143 60
144 255
145 238
146 47
147 140
148 325
149 258
150 228
151 115
152 132
153 257
154 97
155 264
156 139
157 38
158 293
159 298
160 103
161 240
162 74
163 303
164 191
165 33
166 51
167 31
168 25
169 124
170 253
171 6
172 83
173 55
174 37
175 15
176 98
177 42
178 295
179 252
180 339
181 268
182 126
183 333
184 16
185 166
186 9
187 321
188 88
189 146
190 200
191 242
192 113
193 20
194 282
195 5
196 125
197 99
198 236
199 172
200 78
201 269
202 324
203 304
204 210
205 3
206 256
207 224
208 144
209 52
210 263
211 218
212 168
213 301
214 30
215 28
216 208
217 234
218 267
219 314
220 279
221 111
222 87
223 2
224 107
225 343
226 313
227 170
228 318
229 19
230 182
231 128
232 188
233 155
234 137
235 213
236 292
237 119
238 156
239 271
240 80
241 214
242 307
243 254
244 190
245 286
246 272
247 81
248 265
249 326
250 211
251 73
252 201
253 64
254 186
255 71
256 262
257 290
258 165
259 180
260 270
261 106
262 7
263 27
264 84
265 13
266 65
267 70
268 195
269 284
270 251
271 212
272 141
273 24
274 337
275 82
276 133
277 205
278 276
279 330
280 244
281 243
282 320
283 40
284 199
285 136
286 17
287 334
288 85
289 287
290 48
291 49
292 32
293 173
294 222
295 102
296 177
297 89
298 178
299 39
300 164
301 189
302 41
303 58
304 44
305 308
306 203
307 54
308 261
309 53
310 306
311 300
312 14
313 121
314 105
315 123
316 4
317 207
318 204
319 116
320 179
321 94
322 12
323 159
324 152
325 50
326 114
327 18
328 157
329 345
330 26
331 235
332 229
333 160
334 8
335 193
336 118
337 316
338 163
339 45
340 138
341 299
342 29
343 79
344 93
345 259
346 248
0 0
15 25
31 69
9 30
18 20
43 7
4 61
15 84
22 1
48 18
20 0
2 43
21 67
70 0
56 29
46 3
5 1
37 27
59 22
46 9
7 3
2 30
21 24
2 42
2 1
46 37
3 54
0 1
32 34
45 54
46 27
67 12
2 50
48 2
8 11
18 25
27 39
44 16
7 66
38 4
76 21
23 54
18 13
2 3
4 3
24 20
29 20
13 86
59 18
2 5
7 10
48 21
17 24
72 8
18 20
44 16
46 34
35 28
20 44
28 0
0 23
15 9
33 55
64 6
63 17
16 10
11 60
29 2
3 29
50 0
17 82
40 4
4 8
12 25
19 48
14 40
45 5
89 9
52 45
21 27
10 15
1 20
6 0
13 20
0 3
0 0
4 68
10 0
2 23
45 45
43 0
0 0
28 53
18 13
22 69
16 29
28 26
12 7
2 3
16 18
19 60
48 4
31 23
11 70
3 48
14 40
58 18
0 17
11 13
8 23
39 24
39 38
62 28
45 53
2 8
24 6
23 28
23 15
1 34
48 5
77 15
3 21
14 41
27 1
22 23
4 68
8 77
2 2
52 2
70 20
66 18
28 17
7 63
85 2
36 3
51 4
5 0
37 3
84 5
15 2
77 16
45 20
12 21
12 40
14 0
27 37
49 6
6 18
10 3
36 45
21 19
33 12
66 14
18 29
23 16
56 16
56 4
47 44
8 15
17 13
2 49
70 3
1 0
15 81
0 2
35 6
58 20
24 21
10 35
12 79
4 39
13 12
0 9
33 66
0 0
6 4
15 11
37 44
25 10
9 2
7 36
2 25
0 8
11 21
6 65
46 18
0 0
4 23
1 74
76 10
51 1
0 10
83 10
3 27
21 54
0 36
79 18
41 54
11 2
33 32
6 66
33 43
0 22
44 17
26 22
0 7
2 6
1 6
11 16
2 3
2 45
74 24
21 6
88 8
4 3
19 7
5 29
2 11
20 3
15 54
11 80
78 22
25 57
6 20
59 21
11 45
40 2
51 3
28 9
15 5
41 15
62 32
0 0
9 80
13 53
41 56
61 3
30 6
36 41
3 89
48 7
65 35
24 3
21 3
14 4
3 8
10 4
2 29
6 33
18 23
32 48
55 39
14 44
2 42
16 30
12 9
3 14
46 5
15 5
35 51
0 1
59 38
35 28
46 31
61 17
14 31
3 42
17 80
43 33
3 1
0 20
36 26
0 0
19 72
23 51
0 8
4 0
35 46
75 10
2 56
20 36
8 36
30 13
7 10
5 72
29 22
63 5
47 31
6 1
23 45
32 30
10 9
2 28
50 4
0 0
0 5
62 24
23 27
38 29
12 33
1 34
6 5
14 46
1 8
41 59
11 15
3 19
87 6
13 68
38 34
6 3
18 35
4 17
8 4
26 2
20 19
6 91
52 33
15 21
0 84
0 54
5 60
6 64
5 0
12 75
46 26
10 4
71 10
1 1
51 11
1 2
14 35
17 2
14 21
31 8
15 32
0 0
15 62
0 13
0 83
14 21
16 43
15 72
12 16
28 54
72 13
320
2 220
3 146
4 222
5 186
6 18
7 131
8 30
9 106
10 215
11 153
12 127
13 67
14 213
15 247
16 105
17 176
18 279
19 119
20 132
21 234
22 141
23 303
24 202
25 82
26 288
27 46
28 72
29 14
30 136
31 56
32 9
33 194
34 68
35 232
36 238
37 185
38 272
39 158
40 13
41 300
42 77
43 253
44 293
45 140
46 27
47 179
48 281
49 195
50 143
51 268
52 3
53 92
54 121
55 276
56 5
57 216
58 251
59 51
60 115
61 260
62 236
63 292
64 65
65 180
66 296
67 301
68 99
69 160
70 16
71 209
72 54
73 107
74 129
75 182
76 164
77 291
78 228
79 254
80 55
81 206
82 235
83 33
84 52
85 64
86 159
87 117
88 305
89 76
90 96
91 100
92 10
93 74
94 130
95 114
96 187
97 298
98 200
99 204
100 316
101 23
102 79
103 145
104 32
105 4
106 1
107 192
108 307
109 98
110 15
111 317
112 22
113 86
114 239
115 171
116 81
117 90
118 71
119 8
120 264
121 38
122 320
123 245
124 173
125 31
126 297
127 230
128 167
129 249
130 139
131 248
132 113
133 168
134 175
135 89
136 278
137 138
138 165
139 20
140 294
141 147
142 262
143 304
144 103
145 221
146 50
147 283
148 308
149 210
150 47
151 233
152 319
153 312
154 177
155 224
156 170
157 12
158 17
159 309
160 63
161 137
162 314
163 205
164 203
165 244
166 123
167 261
168 287
169 29
170 226
171 196
172 161
173 271
174 97
175 142
176 163
177 126
178 263
179 241
180 188
181 302
182 181
183 183
184 80
185 21
186 66
187 101
188 157
189 256
190 116
191 169
192 25
193 246
194 112
195 172
196 91
197 229
198 318
199 208
200 290
201 315
202 274
203 225
204 199
205 36
206 198
207 11
208 60
209 150
210 45
211 217
212 7
213 252
214 280
215 87
216 214
217 269
218 44
219 95
220 42
221 125
222 286
223 24
224 310
225 102
226 313
227 282
228 152
229 184
230 118
231 212
232 201
233 295
234 277
235 299
236 73
237 133
238 26
239 258
240 178
241 34
242 273
243 285
244 49
245 104
246 58
247 94
248 39
249 40
250 193
251 75
252 120
253 266
254 259
255 110
256 43
257 284
258 48
259 270
260 70
261 191
262 306
263 28
264 250
265 149
266 240
267 207
268 61
269 311
270 57
271 111
272 237
273 37
274 35
275 156
276 197
277 6
278 88
279 144
280 135
281 155
282 148
283 108
284 154
285 122
286 85
287 124
288 289
289 211
290 151
291 62
292 243
293 219
294 189
295 265
296 128
297 227
298 19
299 166
300 53
301 257
302 218
303 162
304 231
305 223
306 2
307 255
308 41
309 69
310 267
311 59
312 84
313 109
314 83
315 134
316 93
317 78
318 174
319 275
320 190
34 50
4 79
34 6
67 25
9 1
8 46
19 60
28 69
16 0
76 16
52 8
62 19
15 25
2 13
30 11
3 4
3 69
18 1
6 50
15 12
7 61
10 20
40 16
4 4
10 74
52 28
51 1
17 22
0 3
20 7
7 35
17 45
9 76
70 1
60 14
11 8
1 21
1 0
60 38
38 35
20 1
24 22
71 16
1 19
10 49
72 5
14 13
48 2
46 48
31 36
0 2
22 20
13 13
2 8
26 71
53 23
7 81
0 2
54 9
29 44
19 22
33 20
15 69
2 22
34 4
15 26
11 43
34 14
16 0
4 43
35 36
28 41
45 12
4 0
39 10
13 30
8 32
83 10
5 33
50 3
49 0
11 64
38 4
21 28
0 7
28 20
29 3
53 37
1 5
16 29
26 47
6 14
22 17
73 4
17 77
5 8
11 27
30 9
4 5
55 27
30 63
29 46
1 0
21 7
23 72
22 11
20 1
24 52
33 26
14 9
84 12
61 7
83 16
73 26
34 52
14 81
10 8
24 47
18 1
26 33
21 71
43 0
19 62
7 56
48 7
10 2
4 14
3 44
58 0
20 0
10 7
14 20
21 75
9 83
30 39
13 1
12 16
19 2
0 0
2 76
44 51
25 74
39 31
25 25
40 29
17 46
29 22
9 21
12 62
25 27
1 4
17 33
2 2
5 46
0 39
10 3
2 6
36 21
34 50
65 27
67 10
2 30
11 38
40 14
2 79
14 0
24 7
3 0
8 33
1 4
1 4
18 57
5 31
12 25
22 76
1 64
39 26
60 8
45 44
37 8
27 55
7 68
0 4
8 6
37 32
21 28
20 57
4 19
8 3
3 36
83 9
2 20
18 7
18 11
5 76
4 8
41 38
48 0
21 35
53 7
27 0
33 30
19 14
23 36
88 5
7 1
54 24
16 82
3 11
12 82
33 42
21 12
28 14
55 15
21 42
21 9
3 0
24 70
1 0
5 45
79 7
67 31
6 5
72 21
79 19
34 11
9 45
0 0
36 10
31 49
26 33
15 12
1 11
13 3
24 67
61 6
6 2
5 28
2 2
18 7
32 46
19 8
16 45
32 10
18 16
31 34
16 21
19 19
0 2
53 21
19 81
8 66
11 18
0 5
24 7
13 22
11 40
0 4
55 9
8 37
0 27
2 0
56 7
7 52
33 15
6 5
11 76
8 40
5 90
35 60
27 7
7 71
14 68
2 2
2 76
12 9
86 1
15 62
6 26
2 12
5 9
7 72
20 60
20 3
26 6
13 2
10 81
10 36
36 46
15 71
9 11
37 1
10 11
1 1
30 40
24 17
2 2
0 15
13 27
58 13
64 30
9 90
1 2
59 31
88 0
41 29
2 20
20 41
52 41
1 0
1 1
57 0
3 86
36 19
14 0
15 19
10 71
19 81
6 16
68 2
472
2 15
3 341
4 154
5 136
6 339
7 453
8 333
9 396
10 210
11 172
12 349
13 324
14 193
15 46
16 23
17 36
18 13
19 199
20 158
21 372
22 127
23 99
24 175
25 394
26 208
27 11
28 433
29 361
30 197
31 430
32 301
33 63
34 370
35 412
36 411
37 468
38 420
39 271
40 342
41 273
42 140
43 403
44 148
45 426
46 109
47 196
48 308
49 201
50 369
51 354
52 368
53 419
54 337
55 42
56 17
57 217
58 312
59 78
60 5
61 310
62 253
63 336
64 466
65 317
66 314
67 73
68 56
69 439
70 156
71 305
72 188
73 295
74 168
75 345
76 406
77 14
78 121
79 67
80 292
81 114
82 58
83 47
84 161
85 177
86 132
87 346
88 375
89 467
90 414
91 389
92 332
93 20
94 255
95 350
96 438
97 105
98 238
99 395
100 429
101 285
102 66
103 405
104 450
105 80
106 34
107 206
108 137
109 54
110 117
111 268
112 461
113 276
114 300
115 241
116 275
117 120
118 2
119 71
120 393
121 9
122 472
123 8
124 306
125 277
126 284
127 261
128 340
129 86
130 251
131 107
132 30
133 55
134 139
135 239
136 254
137 144
138 126
139 89
140 248
141 128
142 437
143 186
144 124
145 200
146 84
147 162
148 26
149 378
150 94
151 76
152 353
153 16
154 60
155 296
156 1
157 21
158 10
159 230
160 7
161 90
162 407
163 326
164 92
165 249
166 122
167 215
168 50
169 364
170 74
171 318
172 410
173 53
174 6
175 39
176 431
177 343
178 52
179 157
180 223
181 390
182 12
183 463
184 280
185 101
186 19
187 259
188 45
189 91
190 435
191 62
192 402
193 347
194 392
195 104
196 145
197 274
198 149
199 267
200 297
201 288
202 102
203 373
204 444
205 87
206 133
207 166
208 31
209 41
210 454
211 311
212 192
213 202
214 59
215 391
216 448
217 123
218 316
219 129
220 379
221 421
222 266
223 462
224 404
225 287
226 115
227 4
228 442
229 214
230 309
231 303
232 237
233 413
234 252
235 418
236 329
237 79
238 351
239 222
240 61
241 231
242 131
243 165
244 169
245 278
246 357
247 150
248 256
249 246
250 424
251 250
252 163
253 103
254 323
255 281
256 141
257 366
258 262
259 269
260 383
261 171
262 362
263 185
264 57
265 194
266 22
267 443
268 216
269 325
270 365
271 152
272 96
273 95
274 174
275 456
276 190
277 143
278 28
279 116
280 289
281 432
282 68
283 315
284 88
285 130
286 380
287 155
288 106
289 469
290 198
291 358
292 44
293 83
294 184
295 180
296 445
297 455
298 151
299 449
300 307
301 408
302 204
303 434
304 447
305 470
306 245
307 427
308 363
309 134
310 298
311 399
312 471
313 422
314 64
315 182
316 207
317 247
318 176
319 205
320 348
321 181
322 159
323 294
324 260
325 227
326 18
327 355
328 49
329 386
330 160
331 100
332 384
333 374
334 360
335 32
336 70
337 43
338 218
339 209
340 299
341 203
342 228
343 359
344 220
345 93
346 464
347 40
348 33
349 235
350 187
351 234
352 409
353 191
354 319
355 265
356 270
357 428
358 240
359 398
360 397
361 135
362 27
363 387
364 385
365 286
366 416
367 183
368 381
369 211
370 331
371 344
372 338
373 195
374 138
375 164
376 48
377 335
378 225
379 321
380 436
381 290
382 371
383 85
384 244
385 167
386 388
387 212
388 400
389 457
390 221
391 125
392 232
393 153
394 146
395 118
396 458
397 376
398 233
399 226
400 72
401 142
402 304
403 452
404 236
405 69
406 35
407 147
408 451
409 178
410 272
411 213
412 425
413 81
414 243
415 110
416 320
417 108
418 51
419 113
420 446
421 291
422 441
423 322
424 29
425 328
426 24
427 82
428 313
429 302
430 173
431 367
432 219
433 460
434 334
435 38
436 119
437 179
438 229
439 75
440 98
441 97
442 111
443 352
444 423
445 257
446 25
447 417
448 377
449 293
450 224
451 465
452 112
453 279
454 382
455 327
456 242
457 189
458 330
459 283
460 37
461 170
462 356
463 459
464 282
465 440
466 401
467 415
468 264
469 263
470 77
471 3
472 65
11 15
9 24
13 81
3 14
25 2
57 7
9 42
22 19
57 11
2 33
29 61
3 35
20 33
3 15
2 19
9 2
3 4
9 21
6 80
38 59
2 20
6 0
8 11
88 0
23 43
15 3
37 52
1 14
5 58
7 6
41 11
9 16
49 8
1 0
24 56
45 36
42 48
5 43
31 28
10 7
6 9
22 4
47 5
3 8
7 15
8 27
71 27
6 2
12 24
20 1
12 28
20 53
12 34
6 35
6 32
38 51
10 65
10 16
87 2
2 2
84 10
37 25
0 23
8 5
84 13
12 8
76 6
0 56
65 20
90 1
44 19
43 52
3 12
37 34
14 36
48 47
35 6
0 30
0 63
37 37
0 5
12 2
10 65
17 2
27 2
31 47
23 41
7 12
73 14
40 15
49 33
3 28
6 1
18 30
34 54
68 2
22 12
8 41
67 5
25 49
56 21
39 41
13 27
12 15
17 5
9 7
95 4
0 0
1 16
11 25
59 35
16 3
27 71
22 46
21 39
50 29
0 1
2 0
40 32
8 24
20 60
19 57
20 30
7 29
0 76
14 1
37 8
11 7
53 8
11 46
13 29
75 9
0 94
1 53
53 24
6 33
28 1
0 42
2 56
22 72
0 3
2 46
3 41
3 20
1 0
67 8
3 52
0 9
2 0
19 5
6 22
20 56
86 3
6 17
3 62
34 1
0 9
73 10
5 0
1 0
15 63
16 19
5 2
4 42
40 15
39 8
16 35
14 16
22 71
83 14
3 96
0 0
4 1
11 42
47 45
38 2
29 1
31 7
42 0
71 26
46 4
72 13
22 0
12 2
0 6
0 11
2 62
8 15
51 15
26 23
59 8
17 27
13 7
0 67
50 24
65 2
4 29
39 60
61 0
18 15
0 1
5 12
6 19
9 18
60 5
18 43
64 26
21 39
19 9
22 14
9 74
45 55
73 25
31 4
1 5
36 47
51 13
49 41
47 4
3 14
33 35
12 7
17 67
10 24
20 14
29 0
70 30
30 45
3 33
1 39
22 62
79 15
48 23
1 4
2 7
0 46
64 36
43 2
1 13
20 18
19 47
74 12
17 40
1 2
49 13
31 0
21 4
24 66
26 17
11 2
11 8
39 18
11 19
30 64
54 2
61 32
0 10
31 30
54 25
1 6
39 22
20 6
0 5
67 22
68 10
21 10
44 11
7 10
66 28
63 8
34 43
4 5
51 38
7 16
2 12
12 58
33 6
52 17
20 57
12 28
1 0
62 15
19 9
33 25
48 16
42 50
41 6
3 19
38 56
54 0
23 15
88 6
12 33
15 2
1 3
47 28
75 17
20 77
5 27
11 17
51 15
20 36
90 8
37 34
0 8
25 24
13 36
1 35
5 42
45 1
22 25
26 3
15 80
43 6
22 6
10 5
12 71
3 6
2 0
13 19
5 14
67 9
11 4
20 8
2 42
12 13
1 33
15 3
37 10
28 11
17 29
1 11
0 0
2 65
7 80
3 11
14 2
4 54
29 24
8 58
13 26
14 0
0 4
2 2
8 27
7 3
30 36
45 1
20 33
4 8
19 11
7 16
27 63
13 63
17 19
27 12
18 76
36 33
2 3
16 14
22 36
4 2
11 13
68 0
12 5
8 24
62 2
34 62
12 24
42 53
2 18
77 8
31 0
13 3
49 32
8 23
0 93
39 47
36 0
15 75
19 72
9 32
9 21
4 14
24 15
4 76
29 10
14 6
23 27
18 82
18 53
1 33
0 1
7 71
42 15
68 21
4 52
6 0
5 35
0 2
55 3
6 3
17 37
9 2
5 60
7 10
63 21
31 14
50 18
7 5
10 0
32 30
2 1
14 1
7 5
3 3
17 8
44 33
57 38
15 30
28 23
10 85
33 19
20 9
15 32
0 1
10 20
9 5
77 2
0 20
31 18
58 22
75 19
36 10
46 37
14 13
14 57
1 0
14 33
3 64
18 68
27 33
12 1
33 25
16 5
13 20
18 45
2 7
43 29
92 3
23 73
15 3
15 78
5 45
18 31
34 4
5 25
1 14
16 30
30 8
5 22
4 33
29 2
0 16
11 35
69 31
58 6
31 65
42 45
9 27
1 35
74 1
322
2 46
3 91
4 260
5 148
6 35
7 132
8 204
9 50
10 301
11 187
12 292
13 20
14 245
15 19
16 108
17 28
18 230
19 227
20 284
21 157
22 161
23 226
24 220
25 38
26 216
27 1
28 299
29 92
30 153
31 155
32 150
33 9
34 252
35 97
36 47
37 32
38 234
39 18
40 143
41 77
42 321
43 151
44 120
45 31
46 48
47 233
48 117
49 163
50 137
51 236
52 104
53 13
54 14
55 131
56 254
57 162
58 224
59 210
60 123
61 29
62 306
63 166
64 249
65 53
66 149
67 39
68 114
69 229
70 268
71 228
72 75
73 182
74 205
75 113
76 309
77 63
78 238
79 185
80 194
81 269
82 43
83 45
84 207
85 293
86 65
87 101
88 178
89 55
90 133
91 147
92 304
93 135
94 87
95 24
96 99
97 318
98 217
99 17
100 59
101 248
102 7
103 130
104 115
105 218
106 84
107 317
108 102
109 136
110 83
111 247
112 295
113 105
114 118
115 164
116 221
117 211
118 316
119 145
120 25
121 313
122 30
123 322
124 146
125 71
126 278
127 11
128 312
129 6
130 274
131 23
132 36
133 273
134 272
135 179
136 57
137 281
138 263
139 311
140 255
141 128
142 240
143 109
144 82
145 126
146 265
147 103
148 171
149 10
150 283
151 251
152 116
153 168
154 90
155 112
156 202
157 2
158 100
159 225
160 287
161 141
162 267
163 89
164 144
165 266
166 290
167 280
168 219
169 289
170 3
171 160
172 258
173 42
174 66
175 308
176 298
177 259
178 81
179 314
180 173
181 250
182 297
183 315
184 67
185 16
186 93
187 60
188 86
189 61
190 122
191 78
192 271
193 300
194 110
195 129
196 12
197 70
198 8
199 192
200 264
201 56
202 232
203 37
204 186
205 94
206 49
207 138
208 44
209 33
210 208
211 107
212 294
213 121
214 34
215 15
216 158
217 134
218 212
219 319
220 125
221 302
222 196
223 127
224 188
225 106
226 213
227 199
228 98
229 307
230 195
231 222
232 156
233 277
234 139
235 21
236 235
237 231
238 291
239 95
240 190
241 189
242 165
243 176
244 88
245 244
246 261
247 193
248 320
249 169
250 26
251 241
252 152
253 68
254 170
255 237
256 85
257 51
258 242
259 96
260 142
261 74
262 119
263 5
264 198
265 181
266 257
267 159
268 285
269 201
270 172
271 40
272 183
273 243
274 62
275 72
276 197
277 215
278 180
279 276
280 64
281 177
282 174
283 310
284 203
285 52
286 69
287 22
288 223
289 80
290 58
291 206
292 262
293 282
294 154
295 200
296 209
297 76
298 296
299 54
300 79
301 27
302 41
303 214
304 191
305 256
306 167
307 288
308 253
309 175
310 4
311 286
312 275
313 73
314 305
315 184
316 140
317 246
318 239
319 124
320 270
321 279
322 303
48 45
8 30
77 9
15 16
4 44
57 11
21 78
12 3
21 36
28 57
75 0
5 32
8 89
1 6
3 64
32 8
48 22
52 31
46 30
45 41
23 10
27 69
8 34
5 86
5 4
0 0
34 7
47 20
22 1
46 0
12 18
34 22
19 35
20 70
27 21
2 3
16 38
54 19
55 9
4 3
15 67
65 10
2 16
15 81
0 2
0 0
19 13
9 41
21 1
40 22
15 64
53 40
5 1
64 4
55 5
12 3
44 42
7 2
9 34
42 34
2 15
13 7
27 11
2 60
18 3
0 1
20 18
17 7
21 9
7 0
33 27
39 18
72 8
20 46
1 3
15 10
1 79
18 59
26 18
12 9
14 17
3 93
2 17
70 17
28 53
20 23
31 45
35 18
51 41
84 0
1 54
0 22
17 28
0 57
31 0
3 5
2 15
24 16
3 3
7 28
6 10
5 3
7 3
19 18
7 1
15 73
3 12
18 30
10 5
1 15
3 11
47 13
23 8
23 24
25 30
30 36
7 1
0 94
44 35
9 31
7 57
21 24
65 20
30 21
73 5
55 37
14 6
25 12
39 5
6 16
13 10
27 35
7 24
47 23
9 37
8 15
3 0
18 44
42 58
2 6
59 4
36 43
30 66
19 42
36 0
34 37
14 12
6 4
27 48
11 0
8 3
19 33
3 33
47 9
28 6
8 11
30 18
45 51
7 32
8 35
12 26
21 5
38 1
36 12
71 2
18 9
32 58
2 39
6 74
29 1
15 26
9 34
69 14
0 45
7 37
9 34
9 84
21 23
35 14
25 64
73 15
89 10
48 4
49 34
32 14
53 31
45 9
3 13
27 1
21 52
31 10
1 9
38 8
55 28
64 16
4 2
10 4
18 0
16 13
32 10
3 12
12 1
19 25
65 30
26 14
8 10
46 37
37 7
10 3
50 1
48 1
34 33
6 14
4 0
10 45
46 17
2 25
35 23
60 1
44 10
6 33
23 14
0 15
47 43
1 1
16 41
37 60
18 20
6 36
68 22
28 3
36 43
11 13
32 66
57 35
10 78
21 32
26 68
21 32
47 37
32 15
14 67
38 5
12 1
10 85
54 35
84 14
10 19
37 25
31 47
34 14
6 61
18 3
76 5
8 8
3 7
7 4
8 16
13 47
31 24
7 24
22 48
80 5
16 28
21 22
41 20
12 20
12 67
9 21
4 12
4 75
21 23
28 20
12 6
2 25
0 6
3 36
7 79
18 17
53 4
31 8
44 31
22 8
61 18
49 33
5 26
44 34
10 11
28 25
1 4
5 14
56 1
8 12
15 45
32 67
11 25
72 12
22 9
3 3
34 1
66 25
75 6
33 27
5 95
8 14
85 13
39 9
29 17
43 6
17 9
15 75
95 2
72 25
0 0
13 48
9 1
29 34
7 29
18 48
4 49
25 46
0 32
317
2 30
3 159
4 180
5 9
6 300
7 66
8 82
9 165
10 61
11 8
12 1
13 121
14 272
15 163
16 222
17 144
18 204
19 225
20 93
21 261
22 21
23 221
24 92
25 45
26 238
27 52
28 102
29 83
30 240
31 48
32 107
33 74
34 303
35 278
36 289
37 245
38 114
39 78
40 176
41 33
42 183
43 232
44 178
45 215
46 13
47 203
48 236
49 119
50 200
51 138
52 95
53 80
54 106
55 313
56 57
57 160
58 126
59 51
60 316
61 219
62 156
63 246
64 193
65 239
66 142
67 124
68 35
69 237
70 101
71 134
72 250
73 264
74 305
75 209
76 233
77 276
78 53
79 122
80 223
81 22
82 217
83 171
84 72
85 153
86 63
87 110
88 164
89 244
90 73
91 56
92 60
93 76
94 251
95 34
96 174
97 10
98 274
99 15
100 6
101 140
102 241
103 292
104 263
105 68
106 135
107 267
108 81
109 297
110 255
111 54
112 111
113 282
114 127
115 189
116 205
117 220
118 277
119 293
120 143
121 195
122 41
123 3
124 181
125 158
126 7
127 308
128 24
129 295
130 185
131 70
132 298
133 137
134 19
135 90
136 287
137 285
138 213
139 145
140 94
141 211
142 125
143 109
144 275
145 243
146 99
147 281
148 150
149 28
150 151
151 166
152 91
153 249
154 26
155 139
156 88
157 291
158 207
159 152
160 170
161 25
162 12
163 253
164 103
165 167
166 2
167 157
168 84
169 216
170 17
171 85
172 38
173 235
174 310
175 27
176 100
177 173
178 299
179 187
180 273
181 5
182 301
183 75
184 77
185 175
186 117
187 113
188 196
189 201
190 120
191 256
192 286
193 252
194 309
195 129
196 312
197 191
198 186
199 279
200 258
201 254
202 188
203 260
204 317
205 218
206 154
207 43
208 182
209 314
210 105
211 190
212 290
213 141
214 47
215 194
216 36
217 97
218 32
219 89
220 265
221 268
222 242
223 315
224 4
225 284
226 247
227 269
228 161
229 172
230 283
231 96
232 227
233 271
234 116
235 148
236 123
237 230
238 231
239 67
240 146
241 130
242 257
243 270
244 42
245 147
246 208
247 128
248 50
249 86
250 248
251 20
252 179
253 266
254 306
255 40
256 199
257 168
258 64
259 58
260 133
261 184
262 112
263 202
264 132
265 11
266 87
267 79
268 31
269 29
270 311
271 62
272 302
273 131
274 212
275 229
276 307
277 14
278 304
279 198
280 115
281 65
282 37
283 206
284 44
285 224
286 169
287 177
288 118
289 210
290 69
291 228
292 18
293 49
294 226
295 234
296 104
297 55
298 136
299 214
300 259
301 296
302 98
303 16
304 262
305 288
306 39
307 46
308 192
309 71
310 162
311 23
312 155
313 59
314 280
315 294
316 149
317 197
84 0
85 0
44 0
16 6
4 0
21 31
12 3
17 8
54 33
19 4
10 81
63 20
26 29
36 46
88 10
4 2
71 21
5 12
11 7
5 23
54 6
25 54
80 15
67 4
12 10
64 33
42 33
38 34
10 11
83 17
58 40
44 33
45 50
1 3
10 40
2 98
13 50
22 25
1 62
13 75
33 12
8 1
45 38
42 22
24 18
48 12
33 53
0 0
1 0
51 26
9 39
14 44
41 34
75 16
56 7
28 28
36 27
29 38
5 8
22 2
7 32
10 12
22 52
82 14
48 14
16 0
12 24
66 18
29 10
12 9
96 2
30 14
35 18
29 40
13 34
6 28
12 65
8 3
37 5
16 80
35 44
43 27
39 37
9 7
24 0
46 46
3 13
53 42
12 6
13 11
48 32
4 42
9 8
17 73
33 10
27 7
11 2
1 48
65 7
47 49
50 20
40 36
66 28
25 64
21 9
3 2
68 18
1 1
38 38
51 5
27 37
3 1
12 24
44 3
12 24
0 33
27 44
36 47
24 49
36 52
28 4
12 27
81 5
13 46
30 53
30 48
47 22
5 54
1 1
44 51
18 40
21 67
36 12
18 0
39 40
54 24
9 68
2 0
40 24
13 74
3 3
63 20
97 2
51 12
26 67
1 56
59 28
14 16
3 58
23 74
7 31
26 23
32 12
84 11
65 14
2 1
6 21
4 50
16 8
39 46
15 15
67 14
2 61
29 50
1 10
16 23
5 10
12 36
51 48
5 3
25 14
21 19
38 3
1 68
7 48
19 33
12 79
86 7
50 11
19 4
50 37
6 27
56 19
0 81
20 25
13 5
52 5
59 28
24 42
46 50
55 3
74 18
4 0
0 0
0 17
7 46
82 14
1 2
11 21
4 7
25 15
20 0
29 5
20 15
1 3
3 11
12 26
21 28
15 2
13 47
27 32
3 74
0 19
5 6
76 15
4 3
38 48
11 37
29 38
25 25
1 1
3 9
20 37
15 11
5 95
11 28
0 3
25 18
19 76
26 30
5 41
4 1
12 9
27 2
19 76
70 13
25 31
70 16
0 1
2 81
1 2
12 41
65 8
10 10
25 14
41 4
34 10
77 0
17 26
30 26
4 16
57 1
3 4
11 26
1 14
5 19
24 71
21 67
59 7
29 3
69 30
11 39
10 20
5 26
59 26
18 0
9 2
34 23
23 55
40 41
75 17
18 67
18 19
48 29
30 14
15 48
13 5
6 4
30 15
5 7
18 8
12 69
34 18
49 2
4 12
10 14
14 2
54 34
6 0
75 2
21 39
0 52
23 13
16 28
40 20
0 35
42 54
43 6
0 16
59 37
42 43
17 50
29 34
22 4
14 3
6 19
1 8
52 38
85 7
0 6
0 8
40 21
36 31
55 39
30 42
7 29
34 23
858
2 596
3 225
4 449
5 353
6 541
7 559
8 475
9 694
10 807
11 503
12 577
13 438
14 170
15 497
16 457
17 563
18 632
19 426
20 222
21 600
22 36
23 294
24 430
25 856
26 292
27 177
28 372
29 651
30 834
31 419
32 576
33 216
34 217
35 139
36 115
37 24
38 491
39 126
40 649
41 501
42 394
43 719
44 175
45 189
46 371
47 387
48 844
49 325
50 111
51 667
52 421
53 544
54 202
55 469
56 784
57 846
58 499
59 364
60 348
61 418
62 664
63 260
64 385
65 184
66 605
67 855
68 494
69 647
70 11
71 500
72 243
73 119
74 454
75 272
76 792
77 358
78 566
79 485
80 507
81 604
82 26
83 678
84 87
85 235
86 602
87 569
88 423
89 83
90 663
91 461
92 173
93 215
94 182
95 93
96 586
97 496
98 72
99 192
100 160
101 62
102 362
103 307
104 201
105 789
106 692
107 146
108 440
109 578
110 291
111 376
112 572
113 162
114 369
115 597
116 621
117 264
118 552
119 263
120 198
121 148
122 666
123 442
124 63
125 287
126 511
127 259
128 595
129 790
130 241
131 822
132 514
133 32
134 455
135 360
136 153
137 656
138 671
139 239
140 613
141 274
142 731
143 46
144 764
145 531
146 340
147 314
148 453
149 258
150 517
151 275
152 367
153 289
154 437
155 768
156 167
157 163
158 326
159 416
160 273
161 562
162 681
163 468
164 487
165 462
166 814
167 752
168 592
169 315
170 125
171 237
172 312
173 347
174 151
175 682
176 771
177 290
178 330
179 628
180 138
181 300
182 653
183 804
184 384
185 762
186 522
187 772
188 165
189 332
190 14
191 739
192 420
193 599
194 109
195 593
196 446
197 458
198 3
199 327
200 176
201 267
202 691
203 338
204 149
205 357
206 723
207 812
208 718
209 733
210 842
211 638
212 786
213 560
214 808
215 142
216 236
217 677
218 707
219 19
220 204
221 587
222 117
223 242
224 346
225 854
226 96
227 120
228 67
229 254
230 113
231 644
232 37
233 516
234 736
235 714
236 406
237 488
238 337
239 471
240 524
241 389
242 532
243 417
244 555
245 450
246 668
247 791
248 492
249 40
250 116
251 16
252 738
253 776
254 79
255 403
256 741
257 127
258 836
259 95
260 793
261 410
262 760
263 89
264 158
265 69
266 186
267 734
268 85
269 381
270 821
271 657
272 712
273 214
274 8
275 220
276 803
277 480
278 319
279 137
280 12
281 238
282 670
283 690
284 479
285 850
286 121
287 537
288 39
289 464
290 504
291 470
292 799
293 635
294 134
295 781
296 374
297 159
298 34
299 680
300 262
301 57
302 308
303 513
304 343
305 795
306 820
307 74
308 512
309 81
310 365
311 359
312 827
313 402
314 397
315 498
316 195
317 181
318 356
319 851
320 759
321 747
322 94
323 268
324 708
325 554
326 545
327 773
328 616
329 255
330 296
331 589
332 598
333 73
334 47
335 582
336 427
337 721
338 82
339 278
340 301
341 298
342 80
343 4
344 284
345 341
346 133
347 383
348 97
349 826
350 223
351 65
352 407
353 829
354 199
355 769
356 505
357 179
358 78
359 715
360 101
361 379
362 226
363 145
364 832
365 70
366 625
367 100
368 646
369 443
370 334
371 232
372 818
373 601
374 320
375 534
376 240
377 279
378 779
379 543
380 276
381 23
382 286
383 830
384 233
385 686
386 525
387 815
388 735
389 831
390 293
391 143
392 17
393 847
394 717
395 164
396 414
397 724
398 813
399 150
400 478
401 256
402 339
403 257
404 285
405 610
406 476
407 594
408 853
409 447
410 71
411 60
412 515
413 190
414 20
415 520
416 809
417 674
418 510
419 50
420 141
421 405
422 306
423 412
424 377
425 38
426 352
427 811
428 108
429 536
430 684
431 508
432 249
433 90
434 210
435 548
436 43
437 615
438 183
439 652
440 131
441 2
442 196
443 129
444 737
445 295
446 310
447 41
448 208
449 355
450 523
451 617
452 311
453 123
454 10
455 98
456 460
457 732
458 743
459 502
460 246
461 858
462 770
463 679
464 395
465 745
466 30
467 27
468 551
469 409
470 363
471 825
472 322
473 547
474 780
475 526
476 796
477 282
478 750
479 53
480 424
481 336
482 400
483 506
484 564
485 211
486 626
487 591
488 839
489 754
490 58
491 396
492 445
493 819
494 155
495 349
496 401
497 288
498 495
499 729
500 92
501 590
502 726
503 168
504 209
505 433
506 716
507 386
508 18
509 207
510 662
511 580
512 535
513 530
514 305
515 557
516 823
517 370
518 619
519 688
520 634
521 269
522 777
523 104
524 486
525 265
526 676
527 672
528 422
529 434
530 261
531 539
532 84
533 609
534 669
535 700
536 837
537 15
538 49
539 645
540 361
541 608
542 466
543 42
544 603
545 797
546 585
547 835
548 51
549 620
550 328
551 144
552 810
553 252
554 122
555 696
556 785
557 110
558 428
559 147
560 477
561 624
562 783
563 157
564 169
565 751
566 415
567 573
568 448
569 31
570 439
571 187
572 519
573 467
574 767
575 388
576 114
577 533
578 171
579 650
580 481
581 429
582 248
583 329
584 350
585 213
586 33
587 614
588 722
589 766
590 88
591 565
592 331
593 59
594 456
595 730
596 76
597 640
598 250
599 611
600 166
601 441
602 713
603 757
604 579
605 103
606 77
607 763
608 354
609 588
610 463
611 52
612 22
613 107
614 375
615 35
616 627
617 281
618 802
619 521
620 380
621 518
622 342
623 642
624 390
625 706
626 683
627 636
628 459
629 848
630 102
631 452
632 188
633 229
634 304
635 112
636 185
637 161
638 549
639 245
640 833
641 774
642 695
643 782
644 493
645 483
646 658
647 323
648 283
649 637
650 727
651 154
652 56
653 368
654 484
655 748
656 345
657 561
658 316
659 794
660 633
661 689
662 221
663 321
664 271
665 540
666 725
667 66
668 687
669 432
670 556
671 45
672 317
673 44
674 99
675 840
676 411
677 753
678 648
679 382
680 318
681 393
682 228
683 787
684 392
685 529
686 408
687 816
688 193
689 191
690 654
691 206
692 218
693 749
694 584
695 490
696 660
697 701
698 828
699 435
700 761
701 546
702 765
703 124
704 527
705 581
706 710
707 698
708 6
709 270
710 7
711 251
712 571
713 570
714 583
715 574
716 553
717 474
718 801
719 482
720 64
721 728
722 302
723 203
724 366
725 194
726 489
727 665
728 857
729 788
730 399
731 413
732 655
733 568
734 398
735 720
736 618
737 805
738 641
739 118
740 25
741 528
742 852
743 639
744 230
745 28
746 9
747 335
748 136
749 280
750 606
751 841
752 299
753 266
754 758
755 550
756 205
757 212
758 542
759 509
760 685
761 673
762 247
763 451
764 130
765 798
766 172
767 197
768 746
769 575
770 140
771 778
772 436
773 756
774 13
775 702
776 344
777 404
778 631
779 838
780 68
781 200
782 277
783 705
784 744
785 224
786 178
787 219
788 465
789 309
790 1
791 351
792 629
793 425
794 704
795 253
796 607
797 843
798 333
799 742
800 703
801 806
802 391
803 21
804 558
805 623
806 373
807 567
808 740
809 775
810 612
811 643
812 472
813 800
814 444
815 128
816 845
817 54
818 132
819 135
820 105
821 227
822 313
823 152
824 699
825 538
826 473
827 91
828 693
829 378
830 630
831 297
832 303
833 849
834 697
835 174
836 755
837 324
838 231
839 106
840 824
841 659
842 75
843 244
844 817
845 180
846 431
847 709
848 675
849 29
850 86
851 661
852 711
853 234
854 55
855 156
856 622
857 61
858 48
0 11
1 1
87 12
21 1
12 18
14 13
29 3
4 19
54 24
18 19
8 47
17 6
6 88
73 22
75 11
10 4
9 22
45 23
25 47
48 22
19 35
19 73
64 9
9 15
58 25
23 24
9 32
20 35
41 19
3 0
16 17
28 12
11 52
18 7
8 34
52 29
8 75
0 0
0 59
35 34
24 6
9 22
3 22
21 0
17 24
34 64
54 25
30 14
9 69
26 8
6 6
0 1
8 23
17 11
44 2
37 3
38 54
77 12
50 1
5 48
6 83
12 1
34 3
47 35
26 5
31 45
14 27
18 7
16 11
41 20
0 70
22 12
23 55
9 34
8 21
24 38
23 16
19 81
30 0
6 62
6 3
2 0
0 2
32 16
4 41
29 3
1 12
77 8
9 23
32 56
0 18
21 64
3 96
39 58
6 41
19 1
44 50
23 37
87 9
27 42
26 27
71 8
1 94
15 67
19 32
4 2
58 10
68 3
54 6
2 11
19 18
14 46
11 0
5 1
18 36
15 18
34 32
36 5
9 3
2 16
1 1
9 34
4 4
19 10
3 54
28 72
8 7
47 51
33 26
22 13
31 41
46 1
10 0
14 45
7 19
25 25
36 21
26 49
25 49
7 86
17 9
1 12
0 2
25 36
5 43
10 45
10 0
56 4
14 15
40 29
6 11
56 7
23 44
3 4
9 13
14 18
24 46
37 58
1 56
13 8
17 29
56 9
39 43
57 14
12 22
24 5
3 0
1 2
7 21
1 67
48 11
78 20
37 16
55 12
27 42
43 57
10 39
36 0
24 61
27 68
23 71
2 9
3 5
15 19
61 5
18 6
49 34
4 37
3 3
10 9
21 1
12 7
39 14
1 4
46 1
60 17
2 2
72 9
37 41
28 10
2 14
29 25
10 4
17 1
19 1
1 35
10 85
11 50
9 27
0 3
1 7
11 28
45 18
47 24
49 12
81 3
33 43
4 11
3 19
0 44
16 40
0 0
11 29
25 30
1 8
68 8
7 17
18 16
51 30
26 71
17 15
11 5
6 46
16 35
10 72
16 64
45 43
0 2
21 43
66 10
10 27
12 34
40 10
5 12
35 60
9 32
12 0
25 16
51 31
2 23
49 27
17 16
2 0
13 19
4 1
56 2
10 4
12 8
4 75
48 15
37 7
12 13
9 7
44 23
0 1
12 3
76 19
10 6
7 83
52 19
16 23
11 71
7 12
1 28
13 40
15 17
70 11
79 4
29 8
37 22
57 4
5 0
43 32
46 8
10 70
15 12
8 25
3 30
43 43
7 65
8 16
69 22
80 5
18 20
17 42
16 3
74 8
50 29
15 6
1 7
20 23
20 14
2 0
1 54
66 0
2 26
14 3
2 48
18 18
77 11
3 13
0 66
50 48
10 2
67 33
74 24
44 26
15 22
85 2
16 8
30 48
42 18
82 0
69 26
33 52
94 2
20 1
3 0
18 40
24 16
39 1
90 0
12 3
15 14
21 52
23 11
72 28
5 5
0 0
13 16
49 3
2 59
1 21
35 22
4 64
91 9
36 0
4 4
1 63
24 52
3 23
25 56
2 63
41 35
50 1
22 66
0 2
18 50
45 30
36 2
7 54
29 1
4 0
48 37
31 1
7 0
74 1
44 7
80 12
24 25
1 0
6 31
40 2
41 12
24 29
12 6
11 3
33 33
0 9
24 56
14 18
24 69
12 1
61 28
0 0
2 2
10 1
3 1
48 15
6 41
20 5
27 35
36 52
5 0
7 0
19 8
16 3
12 2
12 16
6 37
21 1
52 17
7 13
1 19
24 18
21 44
50 16
41 5
44 11
9 68
5 14
49 5
53 25
13 34
7 46
7 2
0 3
1 22
36 26
5 10
17 53
36 38
2 56
69 27
2 78
35 6
46 43
56 31
76 15
16 18
8 7
68 19
28 34
1 0
33 24
1 13
2 78
22 14
1 0
14 11
15 62
10 9
64 13
2 10
1 12
27 17
2 6
67 7
26 1
50 25
5 19
1 97
26 21
6 33
60 17
59 7
71 21
8 28
20 76
64 1
9 62
11 15
27 15
20 0
22 10
3 39
7 5
17 35
74 16
4 34
50 39
70 25
23 32
13 2
8 30
65 3
43 1
55 44
46 4
41 48
29 63
6 31
3 8
18 46
0 98
48 22
6 93
10 82
54 44
9 69
79 6
14 4
11 18
1 15
2 0
60 15
3 17
36 58
37 5
19 51
22 64
48 4
7 2
13 27
18 14
3 50
36 20
41 3
7 30
1 2
6 11
25 12
1 4
49 3
35 54
2 4
33 26
12 2
57 42
45 26
30 31
20 46
0 76
38 10
82 10
41 24
1 2
5 29
39 51
5 60
0 46
5 53
2 1
31 7
63 18
12 2
7 63
62 35
4 87
4 49
65 21
71 3
66 29
27 1
59 29
8 45
4 9
77 4
9 12
11 46
1 32
7 0
44 14
36 40
38 57
11 0
69 3
44 55
11 16
14 14
71 0
11 64
1 23
2 49
7 7
9 36
22 33
83 7
21 3
40 7
3 59
13 6
31 40
0 16
66 10
2 44
20 16
3 67
2 4
11 9
14 53
80 9
11 12
41 3
17 23
8 11
46 14
48 19
3 3
88 2
75 17
42 11
69 14
25 21
19 2
9 32
9 0
9 12
12 23
9 8
0 2
7 48
0 3
0 0
15 70
7 38
4 73
11 43
2 23
70 24
4 20
55 43
0 54
62 31
86 10
31 69
42 9
35 36
2 84
4 9
29 26
28 23
11 13
66 4
46 11
2 9
1 4
32 17
0 2
28 46
7 9
56 28
44 13
6 60
14 80
7 67
70 26
42 56
4 1
12 12
2 6
4 5
19 27
46 42
27 24
14 47
49 51
9 3
31 57
28 2
12 36
8 3
10 30
91 9
20 22
55 34
5 52
14 22
35 29
50 29
65 21
7 40
2 70
12 16
46 51
6 51
46 31
4 38
28 23
52 48
19 14
57 21
47 14
24 14
4 10
6 56
16 2
23 55
23 41
6 85
14 22
6 23
15 0
61 11
21 12
15 3
20 8
3 9
5 65
37 2
25 28
51 1
2 15
28 9
26 15
20 73
54 21
13 46
11 8
27 69
4 16
13 33
1 9
73 13
14 66
23 12
52 12
14 40
12 68
20 14
24 26
26 4
34 15
3 20
4 5
1 27
9 5
20 34
0 44
4 5
0 14
0 0
8 9
3 13
27 18
21 38
7 33
8 7
32 23
14 24
37 30
42 40
2 5
31 20
27 27
1 10
34 7
0 22
7 31
19 45
37 1
3 10
78 8
87 7
0 0
36 52
71 27
60 2
86 1
0 1
8 66
63 19
41 25
2 35
43 26
38 14
58 25
5 89
6 1
21 5
14 8
21 15
72 26
1 32
37 46
10 54
6 7
19 22
67 31
5 35
6 9
46 51
24 51
27 37
11 9
13 9
6 7
62 14
0 0
5 1
5 37
0 9
26 8
2 24
0 0
1 16
19 32
2 0
22 0
11 46
12 4
19 15
4 6
16 61
28 15
43 10
1 35
0 0
2 59
45 35
1 10
60 8
43 54
22 28
49 45
46 11
4 34
58 19
1 2
5 18
60 27
29 2
39 0
4 54
36 16
68 7
77 16
11 18
20 0
82 12
17 5
43 1
1 5
2 9
4 56
10 81
38 46
16 3
12 38
51 2
13 34
35 23
25 25
1 3
9 6
9 8
4 13
24 73
68 22
54 46
54 29
5 20
16 18
12 70
6 8
7 2
14 75
54 12
29 32
13 11
21 0
17 9
23 7
6 7
31 6
5 4
2 76
89 9
333
2 288
3 173
4 191
5 216
6 161
7 175
8 215
9 16
10 155
11 316
12 290
13 313
14 123
15 315
16 43
17 259
18 83
19 67
20 131
21 222
22 19
23 143
24 249
25 188
26 292
27 321
28 317
29 62
30 142
31 197
32 126
33 1
34 182
35 333
36 153
37 73
38 295
39 285
40 65
41 139
42 271
43 132
44 26
45 148
46 244
47 286
48 282
49 163
50 102
51 257
52 234
53 164
54 229
55 207
56 31
57 266
58 23
59 221
60 258
61 138
62 277
63 217
64 156
65 194
66 76
67 319
68 209
69 128
70 278
71 37
72 242
73 213
74 225
75 14
76 238
77 96
78 256
79 231
80 263
81 327
82 310
83 147
84 130
85 33
86 120
87 322
88 119
89 275
90 77
91 276
92 324
93 99
94 87
95 309
96 21
97 85
98 314
99 228
100 72
101 30
102 134
103 9
104 171
105 137
106 3
107 149
108 22
109 199
110 24
111 212
112 58
113 122
114 260
115 146
116 304
117 180
118 11
119 166
120 284
121 94
122 38
123 124
124 205
125 97
126 27
127 267
128 236
129 268
130 189
131 211
132 40
133 52
134 179
135 289
136 133
137 127
138 13
139 98
140 125
141 174
142 172
143 233
144 299
145 121
146 29
147 330
148 141
149 68
150 261
151 331
152 201
153 274
154 84
155 129
156 86
157 264
158 154
159 255
160 78
161 5
162 101
163 224
164 235
165 105
166 320
167 204
168 203
169 227
170 280
171 210
172 150
173 308
174 135
175 223
176 63
177 250
178 100
179 253
180 71
181 90
182 243
183 193
184 7
185 91
186 185
187 297
188 157
189 152
190 115
191 325
192 103
193 165
194 92
195 20
196 108
197 332
198 273
199 12
200 305
201 6
202 294
203 113
204 25
205 208
206 241
207 202
208 186
209 220
210 89
211 254
212 144
213 252
214 178
215 219
216 196
217 104
218 176
219 95
220 140
221 54
222 8
223 329
224 245
225 15
226 88
227 270
228 323
229 48
230 46
231 57
232 302
233 18
234 184
235 74
236 187
237 66
238 56
239 262
240 107
241 32
242 168
243 247
244 136
245 218
246 93
247 206
248 118
249 296
250 145
251 192
252 326
253 49
254 64
255 41
256 287
257 80
258 110
259 55
260 293
261 114
262 283
263 44
264 226
265 111
266 53
267 59
268 17
269 265
270 61
271 328
272 60
273 190
274 2
275 251
276 232
277 42
278 112
279 181
280 269
281 79
282 307
283 291
284 151
285 51
286 159
287 167
288 106
289 160
290 183
291 170
292 214
293 239
294 39
295 158
296 109
297 198
298 70
299 36
300 10
301 34
302 312
303 246
304 248
305 47
306 81
307 69
308 272
309 116
310 240
311 303
312 298
313 318
314 311
315 82
316 35
317 4
318 300
319 230
320 169
321 306
322 301
323 281
324 200
325 162
326 279
327 195
328 75
329 50
330 45
331 177
332 117
333 237
31 56
15 0
79 10
4 0
3 1
29 10
14 64
0 0
22 37
50 17
0 49
11 86
40 19
0 74
50 10
83 12
1 0
23 45
13 55
17 21
57 41
13 76
31 0
28 9
27 7
77 1
16 80
18 11
74 19
14 17
66 11
40 30
6 25
10 33
0 0
56 0
9 29
5 57
46 38
7 12
47 16
43 13
29 39
76 12
25 33
62 2
13 27
29 1
21 13
48 14
87 3
32 28
77 21
48 23
29 59
26 33
0 0
21 55
28 24
91 3
61 28
39 17
0 5
0 19
49 1
8 0
2 70
36 44
8 11
7 0
25 1
18 53
49 9
26 35
0 3
63 19
2 1
49 14
23 8
77 13
87 1
0 44
14 29
48 10
51 30
34 8
8 25
36 15
19 21
25 45
34 25
3 29
65 21
79 5
15 33
10 2
71 7
15 9
2 0
2 92
8 67
2 47
2 9
27 15
10 11
11 41
2 66
5 17
81 10
2 53
4 3
6 8
59 33
11 72
14 38
1 0
61 24
26 14
81 17
7 5
78 20
79 3
0 39
6 10
12 52
35 16
26 64
71 21
0 12
40 17
10 75
0 66
5 4
41 8
73 18
80 7
43 7
32 17
20 42
8 53
64 3
27 19
2 7
8 48
52 6
38 27
0 63
5 22
20 6
12 14
55 22
1 3
19 62
47 9
37 14
49 44
35 17
42 45
0 38
6 25
9 9
6 56
2 27
34 64
61 34
14 19
12 3
28 5
1 76
34 30
41 59
39 3
68 4
32 43
8 2
2 11
11 7
3 44
69 30
0 3
31 68
72 22
47 9
11 73
36 54
0 15
57 16
5 25
11 75
21 20
27 7
16 26
25 26
50 11
59 14
8 20
0 34
25 28
22 16
6 31
82 18
12 19
24 2
28 31
3 5
24 36
49 1
35 48
12 25
7 23
8 9
10 58
43 5
10 51
19 55
10 46
58 20
4 89
27 35
51 26
0 36
36 51
5 23
27 2
2 74
9 1
14 14
9 38
7 48
34 58
49 16
31 8
8 0
5 57
32 22
1 13
0 2
2 24
49 10
1 17
24 24
13 57
6 24
2 31
43 39
0 22
60 13
4 16
0 0
5 74
23 32
34 25
8 1
1 17
42 21
36 23
24 23
24 65
12 16
18 17
19 30
4 51
11 83
11 25
0 0
6 71
41 33
0 0
71 0
1 36
30 47
63 9
3 0
15 38
10 30
23 26
40 6
3 36
34 59
4 34
33 34
49 0
85 10
1 9
7 1
3 4
29 58
46 4
19 10
38 2
6 82
61 36
30 14
14 1
12 16
48 12
4 48
0 0
41 25
13 6
29 11
20 11
7 15
62 24
23 25
33 16
79 4
21 50
93 0
10 51
2 16
17 49
8 12
74 10
14 4
63 7
25 13
3 1
14 16
26 74
9 12
15 27
15 25
6 61
0 0
0 34
13 55
61 1
47 27
89 10
54 10
1 6
6 64
507
2 321
3 278
4 304
5 352
6 21
7 504
8 170
9 259
10 283
11 296
12 459
13 228
14 264
15 126
16 463
17 324
18 147
19 42
20 186
21 496
22 497
23 144
24 257
25 258
26 125
27 489
28 90
29 164
30 87
31 101
32 109
33 204
34 338
35 242
36 98
37 300
38 38
39 68
40 343
41 31
42 95
43 146
44 468
45 62
46 210
47 469
48 309
49 19
50 460
51 285
52 253
53 393
54 291
55 36
56 385
57 261
58 198
59 237
60 386
61 379
62 28
63 20
64 213
65 37
66 290
67 165
68 354
69 118
70 254
71 307
72 315
73 63
74 252
75 245
76 442
77 484
78 127
79 241
80 425
81 211
82 69
83 111
84 458
85 255
86 378
87 383
88 243
89 115
90 231
91 487
92 179
93 246
94 349
95 230
96 159
97 406
98 353
99 151
100 105
101 447
102 4
103 134
104 260
105 350
106 174
107 65
108 366
109 326
110 288
111 11
112 162
113 439
114 152
115 247
116 370
117 205
118 503
119 502
120 359
121 471
122 1
123 121
124 401
125 367
126 440
127 39
128 154
129 436
130 449
131 284
132 277
133 129
134 472
135 92
136 427
137 433
138 167
139 373
140 226
141 462
142 44
143 417
144 249
145 313
146 94
147 323
148 108
149 17
150 270
151 85
152 46
153 434
154 297
155 490
156 263
157 191
158 302
159 364
160 142
161 218
162 224
163 407
164 272
165 209
166 232
167 282
168 481
169 188
170 335
171 3
172 369
173 194
174 268
175 58
176 478
177 311
178 50
179 200
180 78
181 29
182 70
183 135
184 48
185 275
186 306
187 470
188 265
189 49
190 455
191 9
192 345
193 362
194 485
195 392
196 334
197 314
198 376
199 382
200 12
201 317
202 229
203 492
204 426
205 80
206 119
207 156
208 34
209 181
210 184
211 444
212 339
213 91
214 351
215 435
216 197
217 413
218 145
219 400
220 319
221 193
222 55
223 412
224 422
225 103
226 239
227 467
228 437
229 158
230 235
231 187
232 443
233 113
234 298
235 45
236 61
237 99
238 227
239 82
240 32
241 6
242 192
243 405
244 244
245 431
246 457
247 81
248 190
249 312
250 47
251 294
252 137
253 494
254 408
255 177
256 363
257 420
258 316
259 86
260 398
261 107
262 476
263 27
264 212
265 322
266 423
267 336
268 320
269 389
270 506
271 88
272 60
273 130
274 75
275 189
276 248
277 452
278 358
279 172
280 240
281 303
282 128
283 66
284 491
285 371
286 234
287 411
288 138
289 421
290 256
291 429
292 24
293 10
294 30
295 441
296 388
297 216
298 498
299 473
300 104
301 387
302 93
303 450
304 131
305 276
306 361
307 114
308 299
309 432
310 293
311 344
312 346
313 430
314 223
315 100
316 201
317 461
318 148
319 140
320 474
321 221
322 67
323 180
324 295
325 281
326 493
327 499
328 466
329 169
330 143
331 41
332 132
333 43
334 8
335 182
336 266
337 2
338 76
339 173
340 166
341 394
342 280
343 340
344 225
345 360
346 206
347 35
348 136
349 23
350 448
351 89
352 199
353 267
354 175
355 356
356 250
357 374
358 416
359 79
360 64
361 219
362 495
363 289
364 160
365 456
366 445
367 238
368 368
369 178
370 482
371 325
372 56
373 308
374 329
375 102
376 402
377 163
378 133
379 155
380 97
381 488
382 153
383 123
384 117
385 262
386 161
387 233
388 279
389 72
390 120
391 287
392 333
393 215
394 399
395 465
396 271
397 372
398 157
399 391
400 83
401 330
402 77
403 286
404 310
405 341
406 375
407 377
408 475
409 396
410 195
411 207
412 5
413 150
414 292
415 395
416 446
417 26
418 15
419 505
420 139
421 217
422 464
423 269
424 18
425 59
426 222
427 7
428 220
429 22
430 357
431 397
432 110
433 236
434 355
435 409
436 404
437 507
438 84
439 273
440 53
441 196
442 419
443 52
444 25
445 202
446 410
447 106
448 483
449 348
450 274
451 414
452 51
453 168
454 54
455 214
456 73
457 57
458 415
459 176
460 13
461 71
462 337
463 112
464 171
465 480
466 14
467 342
468 347
469 390
470 124
471 33
472 40
473 486
474 384
475 251
476 149
477 327
478 318
479 380
480 453
481 403
482 381
483 208
484 332
485 424
486 122
487 365
488 183
489 418
490 479
491 428
492 451
493 331
494 501
495 16
496 141
497 74
498 454
499 116
500 185
501 438
502 500
503 305
504 96
505 477
506 203
507 328
4 46
23 30
3 96
14 1
95 4
17 8
33 38
1 11
42 49
8 33
25 24
32 0
18 5
19 38
68 6
62 0
54 0
12 5
5 4
0 2
24 33
17 9
69 14
38 48
4 82
13 69
5 8
10 7
22 45
41 15
1 9
46 30
65 10
61 28
14 3
1 15
46 50
12 80
8 78
32 12
3 3
3 86
7 22
62 11
63 5
24 1
23 6
14 57
6 27
1 43
33 61
33 4
4 50
0 1
40 21
21 15
8 45
3 1
81 5
65 20
12 28
21 11
42 22
37 9
7 25
25 46
19 41
70 10
53 4
76 2
4 9
9 5
7 1
76 0
7 59
0 8
40 53
20 16
50 23
27 21
7 1
11 28
14 1
5 10
5 10
6 0
4 19
75 0
14 14
84 9
57 0
46 45
32 33
4 4
33 28
19 20
58 22
31 53
2 7
5 17
23 46
13 2
19 4
83 7
45 51
21 74
0 11
23 1
27 11
11 6
8 6
29 43
41 39
13 82
0 25
20 1
5 21
32 66
33 17
2 2
91 3
28 8
63 25
11 7
68 25
57 40
3 20
1 0
3 52
85 2
55 29
97 0
6 47
52 19
0 91
22 6
8 10
0 6
9 16
62 10
0 81
17 31
1 55
19 24
1 64
52 17
34 63
20 42
45 28
17 20
35 19
5 64
3 92
30 35
3 4
49 38
7 4
53 18
16 2
0 1
19 52
33 29
8 2
39 25
16 22
3 17
30 10
66 32
29 18
7 42
1 1
18 51
40 23
6 10
2 61
28 13
26 49
61 7
1 20
19 48
43 11
23 3
62 37
4 12
5 7
66 15
16 6
2 79
33 39
87 1
4 76
8 22
5 4
3 10
1 5
1 20
2 43
40 46
32 27
35 9
44 15
20 73
54 6
47 31
44 2
38 5
0 36
62 19
2 0
5 2
3 71
4 50
37 8
3 38
38 48
1 0
4 47
11 0
1 0
17 58
47 3
7 15
4 2
5 5
7 21
42 39
94 5
73 25
1 2
65 21
1 2
1 1
68 15
3 17
34 47
35 39
17 57
0 2
54 32
74 10
18 11
8 27
36 25
18 23
58 27
8 16
5 0
5 12
3 88
10 40
34 32
72 25
0 10
12 18
27 6
20 58
3 4
5 5
0 4
48 30
2 20
7 37
32 43
16 49
80 16
51 40
1 49
6 1
4 17
28 2
34 36
5 2
14 33
6 5
49 4
41 7
55 8
37 17
54 35
3 17
14 64
7 72
15 14
15 6
11 73
27 15
19 51
0 0
1 62
79 6
9 56
54 39
70 30
26 65
3 25
39 13
56 15
90 8
15 79
52 1
11 20
54 46
75 23
1 30
10 14
10 76
52 38
36 22
15 4
41 31
25 2
63 37
64 30
44 47
36 18
44 33
64 3
23 35
2 50
12 11
4 26
56 8
3 24
6 30
17 26
6 75
33 18
4 19
83 15
12 46
26 2
5 11
49 16
16 29
12 58
4 9
4 4
83 1
4 51
2 21
1 28
83 16
7 12
11 2
9 76
8 15
61 8
37 2
0 2
2 7
51 28
13 3
11 0
28 3
1 87
45 27
21 18
13 46
3 9
67 24
13 35
41 54
6 0
23 50
22 0
11 30
50 4
73 3
70 12
9 79
22 65
51 34
43 3
45 45
60 29
80 16
47 43
1 13
18 61
13 79
38 5
21 31
6 32
13 12
24 63
27 19
36 15
25 26
80 17
50 27
0 0
6 5
17 83
21 17
21 23
13 16
16 6
19 47
27 66
66 23
2 20
21 3
12 1
85 8
32 14
4 6
22 13
8 7
5 49
30 16
3 8
10 43
41 22
3 0
5 39
0 5
21 7
44 34
0 1
19 30
4 52
20 4
15 12
47 7
9 16
2 11
13 10
2 1
3 4
26 25
7 3
9 10
45 25
44 43
15 72
11 21
22 47
43 16
3 32
2 6
16 44
11 13
13 3
3 5
34 37
8 69
6 10
6 55
2 13
0 0
6 5
0 3
44 41
10 0
69 11
9 66
37 21
68 23
1 16
0 1
11 29
20 54
3 49
13 10
40 18
29 62
1 20
17 51
0 2
6 6
10 37
71 15
2 6
29 32
1 33
32 44
39 16
1 2
48 19
1 1
5 1
65 17
52 1
27 7
5 4
15 52
33 38
45 42
14 12
44 9
19 3
41 14
54 20
66 0
12 26
35 3
30 39
28 13
6 18
6 65
84 5
38 19
6 29
25 2
26 0
13 50
1 14
392
2 291
3 227
4 250
5 382
6 335
7 391
8 392
9 263
10 295
11 45
12 284
13 111
14 44
15 214
16 345
17 194
18 255
19 105
20 46
21 316
22 174
23 30
24 80
25 176
26 127
27 25
28 141
29 96
30 61
31 2
32 205
33 97
34 43
35 65
36 297
37 102
38 149
39 182
40 244
41 271
42 215
43 357
44 203
45 187
46 338
47 202
48 93
49 92
50 368
51 216
52 315
53 18
54 70
55 139
56 191
57 293
58 359
59 197
60 329
61 290
62 130
63 280
64 258
65 341
66 367
67 152
68 348
69 248
70 123
71 269
72 310
73 282
74 371
75 390
76 134
77 5
78 31
79 100
80 308
81 1
82 198
83 33
84 195
85 231
86 23
87 285
88 302
89 159
90 135
91 372
92 330
93 304
94 35
95 267
96 281
97 288
98 71
99 183
100 270
101 107
102 381
103 243
104 353
105 168
106 143
107 55
108 87
109 62
110 79
111 333
112 67
113 228
114 305
115 324
116 38
117 156
118 151
119 283
120 238
121 298
122 59
123 184
124 196
125 388
126 331
127 241
128 66
129 129
130 133
131 317
132 229
133 7
134 170
135 161
136 387
137 88
138 377
139 242
140 326
141 251
142 265
143 366
144 125
145 249
146 86
147 169
148 60
149 240
150 225
151 354
152 63
153 165
154 48
155 16
156 17
157 262
158 323
159 246
160 163
161 219
162 91
163 132
164 13
165 239
166 90
167 144
168 344
169 167
170 101
171 279
172 332
173 383
174 218
175 309
176 83
177 3
178 103
179 328
180 217
181 122
182 385
183 9
184 175
185 76
186 75
187 155
188 200
189 364
190 224
191 52
192 278
193 252
194 327
195 287
196 361
197 199
198 147
199 145
200 206
201 247
202 272
203 306
204 356
205 126
206 94
207 275
208 319
209 192
210 131
211 104
212 82
213 274
214 11
215 153
216 39
217 384
218 121
219 266
220 40
221 358
222 142
223 340
224 78
225 190
226 119
227 369
228 232
229 300
230 56
231 148
232 349
233 294
234 256
235 32
236 236
237 230
238 108
239 99
240 303
241 116
242 41
243 312
244 54
245 233
246 15
247 268
248 51
249 334
250 212
251 296
252 84
253 112
254 222
255 4
256 221
257 386
258 34
259 237
260 351
261 350
262 20
263 286
264 109
265 158
266 124
267 322
268 106
269 378
270 166
271 27
272 19
273 234
274 24
275 362
276 42
277 379
278 154
279 311
280 98
281 115
282 26
283 210
284 321
285 177
286 114
287 68
288 73
289 343
290 235
291 49
292 211
293 254
294 179
295 193
296 188
297 173
298 374
299 160
300 207
301 128
302 276
303 209
304 64
305 277
306 301
307 375
308 220
309 74
310 208
311 289
312 299
313 53
314 363
315 178
316 172
317 136
318 29
319 360
320 245
321 150
322 213
323 50
324 189
325 347
326 342
327 37
328 36
329 201
330 337
331 355
332 318
333 162
334 180
335 260
336 77
337 352
338 10
339 261
340 21
341 264
342 81
343 185
344 157
345 204
346 336
347 72
348 314
349 346
350 22
351 89
352 14
353 164
354 171
355 47
356 95
357 320
358 57
359 370
360 117
361 253
362 380
363 118
364 181
365 85
366 58
367 273
368 307
369 186
370 365
371 113
372 373
373 292
374 313
375 28
376 120
377 110
378 325
379 223
380 257
381 138
382 376
383 140
384 339
385 8
386 226
387 146
388 6
389 259
390 389
391 69
392 137
2 0
13 39
16 37
34 62
73 25
13 5
12 15
33 56
6 25
12 19
39 56
18 0
3 0
3 27
52 6
0 4
51 7
6 11
23 76
16 16
1 79
8 25
22 18
4 56
2 17
5 51
20 18
36 16
44 22
0 0
24 18
21 14
30 40
8 51
4 9
7 5
19 23
26 68
4 7
29 3
14 16
48 12
71 16
12 18
62 23
11 3
6 55
69 5
17 30
9 4
15 9
18 2
49 32
33 44
72 22
38 19
2 58
17 1
35 11
0 24
24 0
17 19
8 24
23 75
6 83
23 54
28 68
1 3
13 73
88 6
7 19
7 30
8 3
75 15
12 70
13 61
1 8
0 2
96 4
13 5
24 17
0 1
3 1
8 57
34 26
35 59
98 2
35 18
50 25
7 0
10 29
58 11
4 38
35 5
0 31
32 0
38 16
82 5
38 16
0 66
49 26
0 3
3 60
37 33
22 25
20 44
15 8
6 15
7 37
1 0
21 33
60 9
46 11
0 3
1 14
47 22
15 1
0 35
0 31
13 14
16 42
93 3
0 17
17 7
8 47
75 11
12 7
35 5
63 20
32 48
11 21
46 24
1 7
29 59
89 3
6 0
12 32
6 59
14 6
8 0
10 24
0 7
13 48
73 20
6 5
63 27
0 0
23 52
68 7
21 11
29 27
11 11
7 66
22 5
32 24
88 8
4 14
30 8
7 62
48 6
14 13
5 74
8 6
86 11
22 12
46 41
1 3
13 1
25 50
0 50
8 53
5 71
6 41
44 52
39 20
30 3
48 32
72 24
20 2
4 24
37 56
82 0
4 86
47 13
6 8
14 3
57 41
0 32
10 0
25 1
3 12
16 57
3 0
23 66
2 43
2 29
7 55
53 11
15 14
32 39
2 1
0 0
2 51
8 8
26 3
61 3
73 21
0 0
33 11
9 14
14 11
9 49
17 74
8 5
35 35
40 0
0 1
21 79
50 23
82 2
49 39
49 9
22 52
29 46
19 44
11 10
39 39
35 20
11 16
15 34
57 0
21 21
1 0
15 1
8 77
32 27
21 26
3 14
26 23
2 81
26 30
3 61
1 28
72 8
13 2
50 30
0 43
27 2
43 16
11 45
11 14
19 25
37 48
29 34
51 30
13 45
17 6
29 5
52 37
63 21
36 6
11 5
9 5
4 0
10 9
9 14
43 20
33 62
6 40
37 29
14 1
2 0
0 11
58 17
8 13
8 1
13 32
4 95
34 14
9 73
19 0
6 2
25 6
9 66
1 1
4 2
6 2
2 10
81 10
26 15
12 18
8 17
80 15
17 36
74 7
20 49
2 41
28 7
56 21
89 8
34 16
2 70
7 24
20 29
3 0
14 34
7 13
19 2
76 5
18 62
32 55
40 12
40 25
37 3
17 13
18 38
31 0
35 26
13 23
3 21
3 24
0 0
25 9
46 36
55 0
36 29
80 17
43 26
54 11
14 6
6 85
13 14
87 6
63 13
16 28
20 11
57 30
28 1
64 7
26 1
38 7
22 18
41 12
6 47
5 8
81 4
9 4
4 2
11 3
18 16
0 35
18 67
23 17
3 21
3 8
59 1
43 13
30 21
31 66
27 31
53 19
45 47
2 33
83 17
1 96
10 44
19 5
35 59
13 39
20 2
88 5
18 29
6 34
24 8
37 14
0 4
0 5
5 6
51 14
4 60
0 0
69 0
35 7
41 51
7 84
14 2
28 7
34 30
15 38
5 12
79 16
73 9
72
2 54
3 58
4 44
5 12
6 7
7 41
8 62
9 28
10 5
11 18
12 9
13 23
14 6
15 30
16 26
17 69
18 64
19 2
20 48
21 21
22 4
23 42
24 36
25 33
26 70
27 19
28 37
29 29
30 11
31 59
32 72
33 35
34 16
35 25
36 34
37 13
38 1
39 52
40 38
41 65
42 10
43 15
44 50
45 31
46 49
47 51
48 43
49 61
50 60
51 55
52 22
53 14
54 39
55 57
56 47
57 32
58 20
59 71
60 17
61 56
62 67
63 45
64 3
65 66
66 46
67 68
68 27
69 8
70 24
71 40
72 53
5 0
13 72
31 16
24 10
42 13
3 3
58 31
4 7
61 37
6 28
3 50
63 1
19 26
6 19
35 5
5 21
69 29
3 19
2 16
58 4
16 50
76 7
10 5
35 47
6 10
8 66
1 22
30 62
8 21
38 60
48 33
2 46
8 3
13 56
16 10
49 43
9 71
2 4
23 8
0 10
25 6
22 6
59 14
31 52
10 79
17 41
0 0
93 7
53 16
5 3
52 25
26 2
24 47
9 33
37 2
40 4
34 1
2 33
14 0
49 47
12 79
2 0
1 10
82 5
8 86
4 2
12 54
40 53
25 1
35 58
5 17
24 23
327
2 7
3 124
4 110
5 50
6 231
7 315
8 30
9 196
10 146
11 76
12 173
13 87
14 189
15 241
16 219
17 122
18 62
19 323
20 316
21 80
22 97
23 263
24 3
25 107
26 137
27 21
28 96
29 113
30 160
31 115
32 35
33 230
34 234
35 164
36 155
37 225
38 89
39 214
40 46
41 98
42 5
43 64
44 12
45 287
46 31
47 88
48 167
49 307
50 277
51 251
52 325
53 78
54 90
55 280
56 86
57 25
58 67
59 145
60 252
61 326
62 132
63 268
64 199
65 314
66 77
67 278
68 116
69 255
70 223
71 117
72 289
73 57
74 163
75 327
76 305
77 83
78 14
79 201
80 202
81 265
82 304
83 142
84 40
85 128
86 216
87 120
88 17
89 294
90 235
91 185
92 274
93 108
94 66
95 270
96 284
97 180
98 299
99 54
100 193
101 51
102 150
103 149
104 23
105 1
106 131
107 296
108 4
109 140
110 47
111 27
112 45
113 243
114 246
115 177
116 41
117 69
118 301
119 222
120 312
121 44
122 148
123 134
124 300
125 93
126 22
127 73
128 319
129 209
130 311
131 295
132 272
133 156
134 324
135 298
136 172
137 302
138 245
139 229
140 6
141 24
142 70
143 32
144 310
145 157
146 271
147 101
148 36
149 130
150 190
151 53
152 166
153 233
154 114
155 217
156 198
157 29
158 224
159 55
160 218
161 204
162 138
163 95
164 169
165 256
166 119
167 106
168 68
169 85
170 273
171 16
172 28
173 306
174 127
175 34
176 249
177 207
178 195
179 159
180 176
181 102
182 267
183 197
184 75
185 321
186 194
187 313
188 136
189 282
190 285
191 238
192 276
193 39
194 215
195 43
196 228
197 279
198 242
199 254
200 139
201 126
202 320
203 178
204 286
205 135
206 111
207 15
208 158
209 269
210 206
211 266
212 261
213 179
214 213
215 297
216 184
217 250
218 191
219 13
220 288
221 303
222 63
223 99
224 203
225 60
226 292
227 226
228 281
229 171
230 151
231 257
232 239
233 74
234 187
235 143
236 123
237 192
238 38
239 26
240 275
241 84
242 141
243 144
244 244
245 52
246 264
247 61
248 161
249 82
250 182
251 94
252 152
253 290
254 291
255 253
256 165
257 247
258 211
259 79
260 92
261 42
262 293
263 154
264 188
265 200
266 232
267 10
268 71
269 118
270 162
271 49
272 58
273 240
274 19
275 220
276 112
277 227
278 105
279 103
280 81
281 181
282 18
283 8
284 33
285 237
286 168
287 133
288 248
289 48
290 100
291 283
292 322
293 260
294 125
295 147
296 72
297 153
298 258
299 175
300 205
301 308
302 59
303 236
304 186
305 208
306 121
307 221
308 174
309 129
310 104
311 56
312 11
313 210
314 309
315 317
316 9
317 91
318 262
319 212
320 65
321 259
322 109
323 318
324 20
325 37
326 183
327 2
60 24
39 10
83 3
2 51
20 5
27 57
56 42
77 5
40 5
11 8
5 43
12 38
15 16
77 8
7 4
24 57
10 59
22 9
63 5
7 79
3 89
58 4
4 86
57 3
74 22
30 40
5 87
30 27
49 48
46 11
68 4
3 7
13 1
1 5
43 20
60 12
1 1
29 12
1 2
7 55
5 0
14 9
92 0
65 21
4 1
60 17
27 54
12 30
90 5
73 14
19 23
31 1
9 23
12 49
0 44
50 31
45 11
46 8
24 0
1 0
5 56
2 7
28 41
0 6
78 22
1 64
25 33
45 15
10 0
9 74
65 30
12 31
48 8
15 46
8 8
0 0
17 4
46 11
4 23
32 65
30 1
26 20
20 33
4 66
49 47
10 27
6 10
27 9
27 33
7 17
47 39
58 37
50 37
1 4
6 8
48 45
4 3
29 0
32 32
2 57
37 9
2 3
75 16
3 0
21 27
5 44
73 12
23 66
17 83
7 87
36 2
27 8
46 25
16 10
4 13
25 23
3 43
23 45
3 3
70 12
0 0
50 16
21 39
0 0
9 53
65 3
18 36
17 6
10 44
14 13
28 50
52 35
3 93
14 28
4 56
8 15
83 0
71 0
56 23
4 22
1 12
51 24
25 14
84 9
3 25
4 2
21 67
57 42
34 3
80 4
9 16
32 23
0 2
0 0
0 28
60 31
9 75
27 69
4 17
70 22
3 5
5 1
6 31
13 14
2 9
3 0
40 41
35 1
13 27
36 37
10 7
30 22
8 20
38 58
2 3
27 33
56 39
48 0
0 10
4 55
13 76
36 15
18 11
22 34
1 0
2 12
8 25
31 54
40 32
1 6
0 3
5 49
23 6
59 35
10 72
1 42
2 22
16 38
46 18
5 5
1 92
84 10
21 4
3 37
18 24
0 2
15 47
16 45
22 18
1 0
24 70
49 24
0 29
2 66
8 19
0 8
31 4
23 21
10 0
33 23
26 53
52 9
36 13
1 42
10 31
27 54
2 2
51 37
28 16
13 47
87 0
38 12
57 6
8 30
6 60
16 28
5 1
35 13
19 64
17 79
40 4
35 33
24 30
33 0
8 85
9 37
24 43
56 25
60 22
26 33
85 6
18 4
0 36
18 45
86 1
22 8
20 28
3 5
2 1
7 4
2 41
36 5
33 28
1 7
7 2
20 67
75 3
32 36
3 4
15 62
42 8
40 6
64 14
21 22
18 0
7 8
47 16
29 41
15 9
20 21
15 65
8 2
26 42
2 56
14 15
24 2
3 6
18 31
54 20
44 24
10 4
6 4
58 31
0 9
18 3
65 26
4 21
1 0
12 11
11 9
15 52
16 70
5 34
2 42
76 13
0 29
30 42
70 13
8 8
12 6
6 27
27 33
52 12
3 9
1 11
57 26
21 23
11 2
37 24
6 50
2 76
26 16
62 16
20 72
7 48
34 49
9 12
656
2 613
3 285
4 255
5 398
6 212
7 110
8 573
9 280
10 12
11 504
12 567
13 306
14 154
15 480
16 419
17 352
18 407
19 433
20 602
21 104
22 431
23 355
24 216
25 325
26 264
27 227
28 476
29 105
30 357
31 610
32 561
33 129
34 591
35 395
36 144
37 192
38 229
39 438
40 557
41 52
42 514
43 365
44 310
45 347
46 584
47 505
48 470
49 106
50 523
51 307
52 618
53 586
54 655
55 218
56 3
57 329
58 488
59 631
60 152
61 32
62 423
63 443
64 296
65 69
66 381
67 200
68 583
69 339
70 20
71 403
72 518
73 167
74 565
75 17
76 178
77 392
78 320
79 249
80 498
81 552
82 378
83 274
84 495
85 290
86 640
87 158
88 612
89 422
90 334
91 616
92 199
93 265
94 374
95 550
96 599
97 254
98 116
99 533
100 202
101 590
102 131
103 46
104 345
105 364
106 651
107 231
108 160
109 305
110 59
111 317
112 410
113 639
114 54
115 458
116 351
117 14
118 22
119 29
120 376
121 240
122 103
123 399
124 162
125 185
126 526
127 226
128 117
129 465
130 331
131 57
132 219
133 579
134 405
135 153
136 193
137 475
138 515
139 499
140 350
141 230
142 636
143 201
144 220
145 418
146 370
147 647
148 109
149 539
150 580
151 223
152 338
153 473
154 568
155 132
156 299
157 344
158 237
159 474
160 39
161 194
162 508
163 272
164 291
165 13
166 250
167 248
168 553
169 263
170 437
171 501
172 516
173 490
174 141
175 634
176 462
177 478
178 400
179 472
180 454
181 304
182 449
183 409
184 130
185 353
186 176
187 36
188 170
189 483
190 205
191 440
192 605
193 384
194 79
195 173
196 180
197 252
198 632
199 294
200 244
201 77
202 643
203 358
204 191
205 33
206 362
207 581
208 2
209 85
210 337
211 554
212 91
213 542
214 96
215 277
216 83
217 245
218 603
219 126
220 40
221 122
222 649
223 268
224 393
225 597
226 426
227 236
228 115
229 538
230 107
231 273
232 34
233 635
234 622
235 471
236 530
237 172
238 527
239 213
240 121
241 16
242 156
243 460
244 562
245 319
246 292
247 134
248 356
249 644
250 97
251 68
252 37
253 198
254 366
255 224
256 128
257 354
258 63
259 606
260 540
261 65
262 326
263 139
264 276
265 456
266 38
267 73
268 15
269 186
270 120
271 146
272 604
273 626
274 485
275 576
276 258
277 323
278 155
279 372
280 71
281 232
282 563
283 401
284 546
285 386
286 548
287 623
288 315
289 503
290 572
291 509
292 529
293 206
294 457
295 588
296 620
297 411
298 629
299 617
300 26
301 308
302 653
303 138
304 184
305 72
306 349
307 78
308 484
309 208
310 124
311 157
312 140
313 598
314 441
315 575
316 385
317 436
318 87
319 625
320 75
321 318
322 482
323 303
324 101
325 228
326 394
327 119
328 448
329 189
330 93
331 559
332 570
333 10
334 408
335 123
336 179
337 652
338 528
339 531
340 42
341 341
342 549
343 593
344 424
345 51
346 420
347 243
348 159
349 64
350 461
351 195
352 611
353 55
354 137
355 182
356 656
357 35
358 49
359 149
360 361
361 125
362 43
363 316
364 642
365 536
366 521
367 70
368 150
369 235
370 520
371 168
372 547
373 615
374 535
375 435
376 136
377 233
378 574
379 444
380 98
381 415
382 414
383 455
384 259
385 517
386 452
387 637
388 388
389 261
390 416
391 497
392 594
393 367
394 585
395 543
396 95
397 595
398 368
399 275
400 27
401 183
402 166
403 161
404 260
405 19
406 551
407 450
408 369
409 286
410 600
411 270
412 50
413 297
414 608
415 47
416 298
417 1
418 81
419 288
420 360
421 513
422 314
423 111
424 525
425 621
426 41
427 222
428 23
429 491
430 322
431 601
432 148
433 496
434 313
435 246
436 256
437 89
438 555
439 445
440 502
441 507
442 293
443 100
444 429
445 607
446 253
447 500
448 324
449 427
450 187
451 532
452 406
453 412
454 582
455 494
456 534
457 241
458 577
459 301
460 102
461 633
462 641
463 196
464 479
465 524
466 404
467 359
468 492
469 346
470 596
471 31
472 627
473 558
474 217
475 432
476 506
477 402
478 619
479 84
480 282
481 209
482 251
483 340
484 203
485 188
486 311
487 566
488 371
489 545
490 92
491 466
492 262
493 242
494 190
495 174
496 467
497 133
498 135
499 67
500 94
501 204
502 383
503 439
504 589
505 210
506 397
507 142
508 289
509 560
510 342
511 477
512 522
513 295
514 434
515 425
516 332
517 654
518 363
519 382
520 257
521 309
522 181
523 58
524 453
525 225
526 18
527 328
528 88
529 143
530 74
531 211
532 238
533 512
534 390
535 638
536 66
537 592
538 614
539 30
540 417
541 489
542 569
543 90
544 25
545 442
546 646
547 511
548 284
549 127
550 112
551 630
552 377
553 481
554 99
555 5
556 396
557 283
558 650
559 21
560 4
561 266
562 8
563 389
564 24
565 486
566 7
567 544
568 628
569 278
570 373
571 207
572 493
573 214
574 118
575 648
576 380
577 571
578 287
579 239
580 197
581 147
582 413
583 60
584 343
585 430
586 169
587 86
588 11
589 80
590 321
591 269
592 28
593 609
594 327
595 145
596 48
597 421
598 221
599 578
600 76
601 177
602 267
603 348
604 114
605 464
606 541
607 9
608 175
609 312
610 487
611 62
612 247
613 391
614 44
615 6
616 459
617 645
618 171
619 468
620 300
621 387
622 82
623 234
624 53
625 510
626 56
627 281
628 108
629 556
630 447
631 335
632 165
633 330
634 537
635 151
636 469
637 45
638 279
639 451
640 519
641 333
642 302
643 428
644 463
645 61
646 375
647 587
648 163
649 624
650 113
651 446
652 564
653 379
654 164
655 215
656 336
0 56
6 2
0 5
5 0
6 5
6 3
17 6
3 12
77 3
86 1
0 0
21 40
35 16
29 19
52 19
16 49
4 33
38 12
14 11
5 68
24 12
34 11
14 83
34 14
61 5
69 17
26 36
7 9
21 64
23 35
52 33
5 17
16 9
2 5
36 0
15 19
16 76
70 0
12 67
14 14
3 0
8 38
67 20
14 27
11 17
15 35
7 13
19 16
27 8
9 14
44 6
7 7
57 4
28 17
10 9
16 58
10 57
8 37
80 20
29 18
16 28
13 30
64 29
18 12
28 0
6 3
3 0
5 85
71 13
53 36
12 52
77 16
5 12
38 38
23 71
0 62
11 29
11 0
5 46
51 34
15 54
22 28
14 35
8 26
25 12
34 44
39 61
66 9
37 30
23 21
5 28
19 25
9 53
70 22
7 54
3 41
39 33
0 6
10 7
8 1
78 11
28 21
34 35
10 79
1 60
1 1
5 2
59 35
6 5
0 20
52 48
0 1
19 7
56 23
90 9
0 5
4 5
67 29
42 11
27 0
0 5
10 8
66 9
42 2
59 13
6 28
44 38
13 62
8 20
0 0
9 55
5 28
14 4
11 15
8 24
56 34
15 25
0 5
6 0
20 78
55 31
19 39
6 19
32 31
40 37
4 16
57 40
15 40
8 16
3 37
47 24
24 63
5 6
1 2
39 61
2 61
52 35
20 26
22 4
7 49
49 13
45 14
1 51
16 83
38 35
43 19
1 0
2 18
61 36
36 7
55 21
56 2
14 86
1 12
1 52
6 6
47 5
58 23
7 57
8 34
6 19
47 16
61 9
37 38
26 54
0 24
7 8
60 35
45 51
0 0
21 21
7 34
37 51
54 44
6 19
24 64
52 13
42 31
43 4
20 49
36 43
2 4
21 15
6 15
89 8
19 19
81 18
2 14
64 26
1 59
3 51
0 18
0 48
94 0
82 5
34 12
19 8
13 25
45 11
21 47
0 11
62 11
40 60
38 25
23 46
72 24
3 33
12 84
30 66
9 5
83 2
15 28
28 56
65 32
15 59
23 7
5 94
9 41
25 63
3 27
85 12
1 2
67 20
24 51
2 45
14 84
7 27
0 78
2 4
26 33
1 16
0 8
2 64
27 64
12 79
11 78
36 43
98 1
43 30
7 42
26 51
33 16
1 26
19 27
26 35
2 3
48 19
18 12
2 7
37 22
9 26
35 28
11 13
58 25
48 12
4 16
2 57
2 45
39 12
21 4
80 10
31 1
31 57
0 0
28 1
13 20
50 37
29 23
14 8
43 44
55 1
33 8
1 7
9 6
13 23
17 13
80 15
65 27
0 0
5 1
3 2
27 11
20 2
26 1
77 2
38 50
49 2
38 7
82 2
6 44
17 34
8 2
51 21
8 31
2 62
18 7
9 25
57 13
64 28
7 43
7 23
0 19
1 2
0 0
3 0
40 7
57 22
36 4
23 25
59 31
10 29
30 32
88 2
21 63
27 26
57 19
9 1
28 3
0 0
27 30
10 0
21 28
13 14
55 32
5 65
26 45
58 21
6 6
22 27
61 18
61 2
24 4
83 14
34 41
16 22
21 11
3 3
7 20
16 1
84 15
31 30
2 11
44 38
22 60
5 22
4 22
1 19
28 38
5 21
1 3
10 31
45 2
41 44
93 4
29 67
10 81
84 9
4 2
7 34
1 41
14 38
18 26
20 29
11 30
37 24
0 1
25 21
37 14
25 17
6 25
8 13
66 16
64 19
3 39
91 3
24 47
42 34
37 26
7 7
12 6
5 16
13 21
18 53
1 67
2 51
50 15
32 3
24 38
25 75
5 34
24 46
67 19
5 62
67 6
21 57
20 2
14 5
8 25
11 25
46 17
17 81
0 0
13 80
2 9
28 27
17 74
12 4
7 47
14 0
18 4
27 59
17 16
5 8
60 38
45 9
0 79
0 2
66 9
64 10
5 30
61 38
34 0
6 83
84 13
26 45
25 38
16 24
19 6
24 32
26 3
78 18
20 19
51 48
27 25
11 4
25 7
7 76
7 87
0 14
25 13
18 14
44 16
6 75
16 4
37 6
14 63
0 0
53 9
17 65
88 12
28 7
56 11
38 12
5 3
0 59
0 31
1 31
11 11
6 0
63 33
21 44
25 33
12 22
15 15
15 62
2 39
49 31
57 42
19 31
38 27
20 67
5 0
0 7
58 33
34 4
59 20
18 53
39 56
62 12
19 60
31 58
29 19
4 44
8 12
14 49
9 9
46 1
82 4
73 13
56 36
24 1
24 8
18 70
53 24
11 70
3 3
8 4
10 63
42 26
1 8
15 4
17 10
32 10
12 6
87 11
20 4
5 11
60 27
43 50
18 13
10 19
61 5
3 0
14 48
71 21
8 57
49 4
39 27
62 10
6 25
95 3
10 24
36 19
5 17
16 47
8 59
12 3
33 42
11 41
0 58
41 43
9 11
56 19
34 18
5 30
15 30
49 20
71 9
85 12
60 28
52 18
39 41
0 41
42 0
11 28
13 67
33 4
32 31
1 14
15 61
77 23
0 5
0 3
33 3
41 15
16 6
0 75
20 8
20 36
3 1
1 4
1 0
4 50
20 11
60 20
5 69
12 5
39 10
16 7
38 27
62 21
2 45
13 30
10 87
10 43
72 17
66 6
0 0
61 4
6 22
20 3
48 48
27 23
30 52
41 31
49 10
21 21
19 1
12 18
97 3
12 54
7 40
9 9
28 29
23 2
3 6
32 29
17 33
30 58
33 23
8 31
13 42
56 12
21 1
39 47
20 7
12 28
12 55
54 6
15 5
35 12
50 31
21 8
46 3
77 12
22 30
74 4
8 38
4 1
49 23
1 1
23 2
44 47
69 4
27 31
17 26
10 13
10 19
7 75
7 10
20 4
2 26
7 10
6 38
64 35
10 11
556
2 446
3 528
4 106
5 478
6 33
7 375
8 93
9 193
10 127
11 467
12 128
13 39
14 143
15 339
16 139
17 468
18 211
19 389
20 111
21 279
22 463
23 416
24 218
25 379
26 184
27 330
28 403
29 14
30 5
31 7
32 423
33 372
34 261
35 306
36 369
37 336
38 470
39 413
40 231
41 190
42 390
43 48
44 171
45 43
46 355
47 508
48 179
49 507
50 32
51 20
52 164
53 170
54 112
55 77
56 126
57 227
58 461
59 401
60 338
61 525
62 449
63 333
64 538
65 343
66 483
67 334
68 122
69 10
70 202
71 254
72 340
73 337
74 312
75 73
76 315
77 433
78 16
79 253
80 300
81 255
82 88
83 86
84 307
85 458
86 391
87 262
88 212
89 6
90 533
91 273
92 121
93 453
94 518
95 68
96 256
97 531
98 481
99 554
100 522
101 486
102 274
103 323
104 466
105 404
106 100
107 502
108 305
109 58
110 250
111 258
112 346
113 512
114 434
115 331
116 365
117 457
118 556
119 245
120 320
121 459
122 263
123 536
124 192
125 24
126 22
127 488
128 326
129 2
130 146
131 540
132 176
133 447
134 246
135 92
136 380
137 62
138 123
139 269
140 34
141 140
142 239
143 64
144 225
145 548
146 191
147 108
148 284
149 240
150 321
151 65
152 35
153 195
154 304
155 409
156 402
157 493
158 244
159 541
160 248
161 431
162 504
163 345
164 144
165 293
166 392
167 189
168 366
169 544
170 271
171 349
172 308
173 292
174 332
175 185
176 310
177 501
178 398
179 162
180 44
181 526
182 363
183 465
184 160
185 12
186 138
187 298
188 208
189 552
190 460
191 510
192 418
193 265
194 436
195 19
196 362
197 482
198 105
199 474
200 381
201 260
202 316
203 450
204 358
205 547
206 443
207 429
208 216
209 521
210 74
211 29
212 69
213 25
214 400
215 270
216 497
217 454
218 155
219 397
220 291
221 101
222 109
223 150
224 235
225 18
226 311
227 222
228 215
229 47
230 228
231 348
232 21
233 475
234 37
235 286
236 15
237 322
238 200
239 411
240 27
241 299
242 476
243 119
244 435
245 40
246 26
247 213
248 194
249 145
250 97
251 421
252 287
253 130
254 420
255 251
256 529
257 152
258 384
259 30
260 197
261 104
262 444
263 272
264 67
265 99
266 281
267 206
268 432
269 290
270 491
271 388
272 477
273 549
274 407
275 4
276 221
277 103
278 96
279 66
280 113
281 297
282 414
283 352
284 545
285 125
286 63
287 182
288 132
289 530
290 174
291 280
292 91
293 327
294 303
295 129
296 236
297 257
298 267
299 196
300 441
301 102
302 8
303 141
304 188
305 72
306 309
307 317
308 302
309 154
310 535
311 118
312 373
313 45
314 374
315 555
316 90
317 180
318 259
319 438
320 473
321 264
322 406
323 266
324 439
325 167
326 480
327 148
328 136
329 89
330 485
331 496
332 80
333 95
334 440
335 498
336 178
337 294
338 386
339 153
340 277
341 166
342 38
343 51
344 505
345 515
346 426
347 61
348 57
349 282
350 399
351 94
352 344
353 158
354 371
355 175
356 11
357 53
358 354
359 422
360 36
361 75
362 13
363 472
364 514
365 342
366 120
367 82
368 54
369 524
370 511
371 85
372 165
373 296
374 209
375 550
376 242
377 76
378 204
379 377
380 364
381 217
382 394
383 115
384 367
385 186
386 224
387 17
388 177
389 313
390 539
391 452
392 159
393 347
394 229
395 301
396 238
397 249
398 71
399 55
400 116
401 506
402 275
403 328
404 219
405 385
406 353
407 359
408 134
409 285
410 3
411 445
412 135
413 424
414 553
415 382
416 378
417 360
418 543
419 499
420 356
421 60
422 341
423 142
424 1
425 201
426 172
427 503
428 181
429 98
430 484
431 361
432 479
433 169
434 318
435 183
436 405
437 173
438 513
439 428
440 163
441 79
442 234
443 156
444 542
445 203
446 393
447 124
448 532
449 546
450 56
451 430
452 517
453 114
454 283
455 243
456 451
457 410
458 147
459 28
460 527
461 78
462 220
463 133
464 492
465 325
466 495
467 456
468 419
469 70
470 210
471 534
472 464
473 295
474 161
475 87
476 288
477 437
478 335
479 247
480 417
481 387
482 519
483 252
484 110
485 233
486 131
487 241
488 537
489 490
490 223
491 324
492 329
493 500
494 395
495 226
496 237
497 351
498 107
499 59
500 415
501 232
502 9
503 137
504 455
505 442
506 412
507 314
508 376
509 289
510 81
511 516
512 368
513 487
514 46
515 427
516 214
517 157
518 319
519 278
520 31
521 268
522 494
523 187
524 489
525 471
526 408
527 117
528 396
529 84
530 83
531 370
532 383
533 23
534 551
535 168
536 520
537 425
538 448
539 199
540 42
541 41
542 198
543 523
544 207
545 462
546 276
547 469
548 151
549 52
550 230
551 509
552 50
553 49
554 149
555 205
556 357
13 30
15 22
29 47
1 1
43 51
41 40
3 2
60 29
53 5
1 72
6 1
26 62
61 24
45 19
39 50
64 17
16 14
54 2
12 74
33 58
0 9
12 26
91 2
30 53
24 30
7 21
0 11
34 8
26 1
13 6
38 35
15 38
40 53
11 13
49 7
7 2
7 75
32 12
14 61
23 17
12 37
84 3
5 90
48 2
35 53
16 0
41 6
47 20
78 8
12 7
62 6
63 12
0 9
22 23
85 10
6 6
24 25
17 4
32 12
44 35
86 8
1 0
65 31
10 18
5 6
17 27
15 43
4 0
19 16
42 17
1 22
12 21
51 47
26 62
36 13
18 3
46 5
18 78
3 2
40 59
28 38
13 25
22 13
46 7
88 12
14 83
14 17
1 4
62 23
74 2
55 26
5 88
47 12
40 55
25 64
20 44
8 15
9 79
2 5
2 68
56 5
66 3
58 3
26 41
27 55
37 42
9 45
48 0
8 15
0 41
47 26
34 27
17 45
14 35
1 10
0 0
25 60
27 7
20 35
41 29
1 5
77 16
3 9
13 86
17 38
25 41
9 19
19 64
25 2
6 6
50 46
26 6
12 4
6 18
29 66
48 12
0 1
34 26
39 16
0 3
17 72
58 1
50 17
0 0
5 23
22 52
1 11
28 59
2 3
11 78
7 0
14 25
14 55
22 18
35 18
30 4
1 18
53 20
0 0
8 5
78 14
40 2
92 1
4 37
41 26
6 2
4 86
56 1
33 2
11 12
8 25
6 84
11 42
6 41
52 2
5 53
4 95
2 1
48 25
50 20
13 9
80 18
30 23
6 73
9 9
10 8
13 82
3 0
4 9
66 16
8 15
34 2
25 36
32 44
0 1
33 23
16 11
7 23
10 55
22 12
80 4
29 52
66 27
11 23
11 77
61 5
46 17
2 20
20 8
4 3
22 75
21 57
11 7
3 78
18 3
29 35
6 15
8 1
31 21
53 2
44 43
45 19
22 18
77 5
46 54
1 6
48 44
58 24
67 25
68 6
8 10
5 43
51 17
54 13
49 7
18 69
17 39
43 15
19 29
66 26
36 16
6 25
17 3
5 21
1 10
48 42
51 27
2 59
0 54
1 0
6 10
21 29
1 0
14 3
5 21
23 47
4 6
30 7
6 49
49 28
16 73
1 1
22 2
4 0
40 4
38 0
67 18
15 1
7 78
3 39
39 1
31 12
68 12
51 36
49 8
14 27
13 16
28 14
2 5
2 0
40 0
39 36
0 1
24 2
49 48
30 52
30 38
27 63
57 2
71 18
12 3
47 44
7 6
23 22
8 28
0 4
23 12
27 59
3 0
19 67
24 56
17 27
0 2
67 20
88 3
20 45
5 27
82 1
23 8
1 34
15 16
30 68
10 3
53 23
62 38
7 34
41 2
54 44
20 19
4 1
34 12
4 26
17 5
26 13
76 18
2 7
28 1
15 66
78 19
3 20
9 4
6 57
69 1
18 23
13 42
7 35
6 34
17 73
16 0
29 5
39 20
20 22
2 77
31 3
28 12
61 23
14 11
64 27
31 51
32 61
18 9
12 5
20 62
16 14
12 33
58 12
2 21
4 19
0 0
0 76
48 2
79 6
33 8
9 33
2 1
16 0
5 0
9 12
14 2
6 1
1 77
16 26
52 22
1 1
10 5
15 8
6 3
5 83
30 40
38 39
46 38
20 58
40 12
24 11
2 22
11 34
80 6
29 27
21 11
1 5
53 17
11 44
49 3
15 11
11 78
2 60
33 32
83 6
20 21
16 83
17 3
10 64
37 5
8 37
29 28
73 18
5 21
42 9
38 51
24 44
64 27
7 43
26 8
21 2
29 37
16 29
22 4
3 8
1 1
16 18
37 20
63 25
40 6
19 54
12 12
83 14
11 26
3 12
54 6
27 16
7 8
24 6
32 9
0 36
2 33
1 2
24 48
43 4
19 0
14 2
1 10
7 20
66 27
68 3
1 2
44 39
3 18
20 5
0 1
5 23
22 33
16 58
81 1
7 11
24 24
14 36
22 2
85 9
35 56
57 27
11 6
70 28
11 3
6 86
33 1
16 1
0 14
17 27
0 0
0 1
39 55
49 15
46 42
23 9
32 46
2 16
12 20
18 9
4 24
2 4
26 34
44 33
0 12
14 12
28 19
91 5
25 5
14 15
2 14
48 19
22 50
24 37
29 56
5 88
60 18
33 49
62 16
24 29
16 0
22 48
4 58
48 2
0 1
0 1
3 60
43 42
66 28
8 2
88 5
39 29
77 17
7 3
18 29
53 18
6 3
3 2
0 79
4 9
21 45
18 27
9 4
8 8
27 59
27 46
4 0
7 84
5 0
9 35
22 17
44 24
0 0
34 42
0 81
22 32
2 83
46 17
4 0
8 0
17 37
3 38
33 34
29 2
6 9
18 7
15 13
30 45
81 5
3 1
39 34
12 2
3 95
8 75
12 26
53 35
39 31
53 16
261
2 242
3 137
4 136
5 223
6 220
7 248
8 6
9 259
10 237
11 175
12 209
13 123
14 134
15 146
16 28
17 63
18 229
19 261
20 243
21 152
22 42
23 205
24 10
25 224
26 75
27 68
28 253
29 187
30 71
31 61
32 256
33 1
34 23
35 148
36 65
37 206
38 246
39 211
40 15
41 35
42 185
43 254
44 5
45 40
46 202
47 210
48 260
49 11
50 156
51 258
52 105
53 36
54 124
55 216
56 4
57 169
58 118
59 120
60 133
61 93
62 194
63 183
64 192
65 212
66 64
67 150
68 181
69 67
70 25
71 53
72 221
73 69
74 26
75 114
76 8
77 167
78 189
79 84
80 97
81 31
82 147
83 33
84 109
85 139
86 115
87 245
88 131
89 44
90 16
91 77
92 13
93 96
94 177
95 173
96 88
97 76
98 138
99 218
100 200
101 62
102 39
103 20
104 73
105 208
106 94
107 47
108 250
109 56
110 160
111 199
112 249
113 59
114 166
115 135
116 240
117 227
118 143
119 46
120 222
121 215
122 128
123 219
124 80
125 235
126 81
127 158
128 126
129 145
130 14
131 122
132 159
133 43
134 108
135 7
136 155
137 244
138 54
139 129
140 203
141 9
142 191
143 193
144 86
145 100
146 29
147 66
148 179
149 174
150 233
151 91
152 37
153 101
154 201
155 79
156 50
157 74
158 214
159 140
160 70
161 226
162 113
163 230
164 38
165 228
166 161
167 162
168 12
169 87
170 72
171 82
172 184
173 78
174 32
175 217
176 213
177 49
178 27
179 239
180 170
181 60
182 153
183 257
184 195
185 83
186 52
187 19
188 232
189 231
190 98
191 2
192 234
193 186
194 34
195 92
196 141
197 204
198 196
199 3
200 57
201 163
202 164
203 180
204 151
205 112
206 111
207 171
208 119
209 99
210 90
211 188
212 238
213 95
214 104
215 176
216 89
217 251
218 157
219 17
220 102
221 130
222 252
223 127
224 241
225 121
226 117
227 107
228 110
229 142
230 22
231 236
232 149
233 154
234 18
235 132
236 165
237 198
238 190
239 55
240 41
241 58
242 51
243 106
244 30
245 178
246 125
247 168
248 21
249 24
250 207
251 197
252 225
253 172
254 144
255 85
256 45
257 182
258 103
259 116
260 48
261 247
10 74
5 0
10 63
52 16
1 21
3 7
9 5
1 2
2 5
25 13
59 19
5 3
5 18
48 3
8 18
41 43
49 19
0 1
3 0
44 29
26 11
42 22
43 0
63 25
74 5
91 3
49 17
0 1
32 4
37 5
13 75
11 1
45 31
35 4
2 8
9 27
16 0
0 5
14 3
53 8
13 36
52 26
15 15
3 8
1 0
3 21
34 34
1 0
6 13
28 30
51 8
75 1
6 43
35 27
32 43
74 2
9 5
79 5
54 6
53 26
11 4
0 0
56 7
44 0
27 5
13 22
21 27
35 60
5 3
7 3
18 8
24 30
2 3
11 18
14 6
3 9
46 35
6 1
8 20
19 61
1 16
67 32
35 1
57 41
18 29
10 53
0 15
60 3
32 34
26 53
7 12
59 9
39 4
24 8
6 3
2 27
6 21
3 3
10 88
8 51
20 7
50 16
1 15
11 0
10 9
16 31
55 17
13 12
1 41
72 24
51 17
19 41
24 36
1 1
69 15
37 29
37 28
11 49
16 47
4 0
7 10
17 54
32 4
17 20
32 24
19 37
10 1
11 10
2 15
1 28
0 6
5 59
8 22
46 30
4 21
0 10
34 56
72 6
77 11
20 79
16 43
0 5
55 41
18 1
9 49
27 31
39 52
25 2
2 29
23 59
6 50
47 16
11 37
15 31
10 69
42 48
34 1
67 20
22 67
0 63
8 27
0 16
8 90
48 22
32 13
18 62
74 12
18 6
13 4
18 13
0 33
40 7
5 63
67 10
27 13
70 16
35 20
39 5
21 71
2 93
0 84
13 9
81 11
2 0
0 0
12 27
19 5
34 30
25 6
7 81
13 11
64 30
2 75
2 41
31 19
0 0
9 22
11 28
62 18
7 68
8 90
47 50
48 22
3 2
3 69
61 21
22 31
69 23
1 13
28 66
37 7
20 52
44 5
10 0
28 49
76 12
5 1
65 29
21 24
5 0
6 7
20 66
82 12
0 0
41 36
22 1
39 6
15 10
54 17
22 73
42 40
24 22
18 2
26 15
45 17
0 44
34 31
1 1
4 3
12 11
6 76
21 64
13 14
17 12
53 12
14 27
15 70
43 28
39 15
16 28
2 58
30 9
0 0
9 35
0 25
20 74
18 70
80 10
62 9
6 20
64 4
