10
1023 401
179 441
416 951
420 984
1013 984
683 914
407 984
96 523
374 190
974 190
739 441
518 523
194 984
415 523
149 441
235 984
809 441
469 441
436 919
437 919
7 919
818 984
962 190
37 919
371 523
417 914
431 914
213 190
340 441
254 919
223 951
123 190
339 951
322 441
218 441
284 919
533 190
187 190
366 919
506 441
33 914
241 523
541 984
576 951
685 441
179 984
530 523
187 919
27 523
294 523
781 523
436 523
905 914
386 984
661 984
74 190
469 190
798 951
795 190
174 523
582 914
697 914
645 441
496 914
194 984
817 919
457 951
843 190
995 984
392 951
287 523
667 914
185 190
508 441
623 914
160 914
371 919
351 919
645 523
459 951
395 190
957 441
86 919
698 441
330 984
605 523
405 919
217 984
683 441
653 914
572 190
747 523
278 441
123 914
230 919
19 984
738 951
702 951
791 914
473 190
353 984
996 919
474 951
400 190
760 951
45 190
744 190
885 523
242 919
494 441
959 919
814 523
713 523
935 951
407 914
176 951
928 914
434 919
423 190
950 190
904 523
10 523
261 914
850 441
388 523
30 951
263 914
116 919
936 190
929 441
358 919
334 951
431 523
919 951
800 984
755 523
291 441
151 441
437 919
207 190
221 523
530 523
586 914
609 523
931 190
536 919
845 190
871 984
197 523
21 190
240 919
659 984
35 919
591 914
778 523
284 951
222 523
830 523
724 919
72 951
740 919
649 441
156 441
438 951
611 919
613 984
961 914
165 951
951 914
345 919
449 951
330 523
185 914
112 951
148 919
872 190
787 919
328 190
655 441
231 984
511 441
588 951
841 984
706 919
167 523
19 984
236 523
485 914
542 914
292 441
559 190
693 951
443 914
583 441
290 441
44 441
526 441
935 919
346 951
997 919
390 984
639 190
476 951
747 919
710 984
771 523
351 441
330 441
937 984
36 951
198 914
401 919
237 523
1022 914
487 919
887 441
102 919
379 190
767 190
281 441
437 441
445 190
948 951
136 190
2 523
2 190
747 951
126 441
114 523
156 919
29 523
399 190
601 914
834 919
681 951
666 914
597 523
992 984
231 441
816 523
673 441
728 951
150 523
686 919
637 441
230 441
355 951
945 190
509 984
951 914
910 984
487 523
539 919
318 190
224 914
381 523
584 914
224 914
1000 951
972 919
334 523
763 984
330 441
288 914
100 919
969 441
120 919
175 951
225 919
652 441
415 523
373 190
874 984
181 984
542 919
299 523
442 951
751 951
946 441
982 441
405 951
320 919
646 951
710 951
511 919
161 951
605 984
475 914
729 441
997 441
1021 190
277 919
471 984
207 523
996 919
236 919
202 919
269 919
964 984
685 919
416 523
277 919
464 441
430 984
482 441
36 190
514 984
34 919
895 914
606 190
997 919
713 914
50 523
603 190
284 441
626 523
522 441
473 951
367 190
190 951
476 190
124 919
942 914
653 190
485 441
33 190
203 914
906 441
957 951
825 951
608 984
807 441
848 951
226 190
182 441
817 914
453 441
274 190
467 919
449 523
11 951
645 919
106 441
179 914
774 190
603 951
927 914
655 441
658 190
790 951
189 951
353 190
108 190
589 919
728 919
16 523
448 984
367 951
363 914
356 919
55 914
773 190
104 441
322 441
2 190
525 190
300 919
642 951
560 951
962 441
121 914
292 919
310 523
19 441
843 441
250 919
805 914
2 914
555 441
946 984
379 914
333 919
659 190
729 919
808 523
165 914
98 984
688 919
317 919
50 441
380 984
811 190
6 190
36 523
647 523
56 919
356 951
747 914
520 951
101 523
348 441
555 919
633 919
843 190
4 523
269 441
361 919
39 951
514 919
145 523
427 984
316 951
293 919
499 441
793 984
28 441
1018 190
838 919
603 523
310 523
121 951
607 984
785 523
718 523
380 190
423 914
354 984
124 914
44 951
128 523
422 441
609 951
865 951
699 914
4 951
51 523
804 914
425 523
828 919
689 190
342 951
61 984
105 914
852 914
711 441
247 441
682 523
972 984
982 523
772 914
315 984
305 190
987 914
400 190
654 951
854 951
385 190
704 523
117 441
197 914
362 919
917 190
750 190
921 441
1018 984
790 914
181 523
449 523
822 523
595 919
231 919
180 523
101 984
127 523
249 523
698 523
188 914
968 914
812 523
240 914
518 190
372 441
830 919
79 914
1017 919
231 914
715 190
454 984
162 984
414 190
980 190
202 523
857 951
396 919
895 914
653 984
996 914
881 190
356 919
312 190
688 523
659 919
668 523
320 919
874 523
292 951
377 984
826 919
508 919
896 190
272 523
915 951
658 914
781 190
709 914
612 523
517 914
925 951
446 984
10 190
959 523
216 984
718 914
545 914
599 914
660 984
485 984
757 190
495 914
73 951
683 441
477 919
481 190
70 951
813 951
430 951
729 523
564 441
964 190
529 914
797 441
481 984
385 919
46 919
657 523
156 919
493 441
439 984
199 951
924 919
481 190
967 523
61 441
144 523
225 190
338 190
383 523
977 441
936 523
119 919
679 914
548 523
101 984
837 190
57 523
435 190
958 984
972 914
362 914
239 441
806 914
889 951
747 919
514 523
434 984
540 523
657 914
703 441
185 914
166 951
185 951
474 919
154 523
449 919
785 951
111 919
59 441
71 984
480 914
179 984
600 951
231 523
415 441
528 914
366 951
593 984
920 919
259 914
156 441
582 984
940 190
42 919
38 523
935 441
525 190
8 441
968 190
953 523
493 919
700 984
951 951
276 441
920 919
999 441
602 441
374 984
994 190
493 441
504 914
441 190
245 919
648 441
433 914
291 984
583 441
289 914
276 951
526 951
421 914
890 523
223 951
687 190
488 951
781 951
997 441
669 951
167 919
459 190
452 441
104 951
982 914
948 951
683 441
776 919
127 984
633 951
166 523
805 190
605 919
707 951
822 190
634 919
158 984
456 523
198 441
233 190
764 914
950 190
978 190
411 919
989 523
990 523
908 914
914 441
899 441
764 190
459 441
7 523
614 984
319 919
653 919
433 984
575 523
146 441
821 914
495 190
113 190
630 919
421 914
484 951
1010 919
93 523
1008 190
893 914
694 984
863 441
864 190
298 919
97 914
481 190
235 190
409 441
562 951
918 984
443 951
675 984
479 190
611 984
230 190
931 951
842 523
953 984
471 441
969 951
858 914
613 951
673 914
825 190
326 914
713 190
551 190
189 190
410 951
460 919
324 914
250 190
744 190
550 190
249 441
495 190
469 914
567 523
355 914
111 951
826 984
585 919
343 951
235 523
344 441
655 984
436 914
490 190
150 919
319 523
268 951
395 190
72 951
197 951
349 914
246 914
10 984
207 951
557 523
827 984
694 951
807 914
888 523
697 523
180 919
951 441
951 523
1006 441
600 914
564 914
547 441
41 523
193 984
218 523
529 441
111 984
769 914
101 919
563 984
183 441
112 984
50 523
589 984
140 441
374 523
513 523
906 441
532 441
473 441
160 951
110 919
589 523
677 919
988 919
411 523
400 441
732 919
992 441
987 951
67 919
690 984
155 523
770 914
305 984
372 523
760 914
912 523
454 523
475 914
211 190
245 951
593 951
527 523
538 523
760 441
619 984
410 914
150 441
821 951
856 951
618 984
50 914
57 523
660 984
424 919
945 984
435 914
133 914
559 984
716 984
43 190
219 523
924 984
749 919
175 914
981 523
232 441
637 441
872 190
237 919
4 951
37 441
191 523
823 441
743 951
301 914
942 190
230 984
501 441
142 441
631 919
430 441
577 441
681 441
625 523
954 190
946 441
696 951
306 951
23 441
252 951
516 914
206 190
465 914
928 190
464 441
897 190
837 984
462 914
909 441
1011 441
739 914
538 523
92 441
508 984
83 914
111 984
156 523
300 914
943 984
708 914
879 919
562 190
321 523
48 919
733 919
198 914
687 523
822 951
334 914
919 190
740 441
208 951
713 919
595 951
244 984
12 190
384 914
181 919
45 441
316 523
379 441
958 914
601 441
73 441
606 441
48 951
532 951
126 919
1015 951
301 523
490 190
757 190
216 190
572 951
194 523
579 914
245 190
426 441
580 523
138 984
484 951
873 523
912 441
359 984
382 914
602 190
833 984
214 914
129 190
617 951
236 190
846 914
507 523
208 523
1011 919
598 919
697 441
486 190
64 914
595 441
179 984
521 190
990 951
674 523
895 984
515 919
751 951
667 951
35 919
829 984
775 919
752 190
594 984
295 919
893 951
843 984
348 441
953 951
925 984
672 914
985 919
89 951
869 951
699 919
406 523
1004 441
985 951
316 919
116 441
641 951
459 914
807 984
474 984
927 919
11 984
86 914
959 441
491 190
587 441
611 914
692 190
984 951
736 984
781 190
347 951
930 951
853 914
934 441
41 951
392 984
310 919
362 919
228 190
360 523
967 441
584 951
977 919
181 441
862 441
594 441
36 919
302 190
410 441
561 984
838 190
739 523
173 914
679 914
626 914
848 523
897 190
319 951
621 441
826 190
462 951
172 441
562 441
952 441
489 523
782 914
402 951
431 919
587 914
650 441
369 441
882 441
413 190
800 984
409 190
480 441
701 919
93 523
70 919
745 190
837 914
129 914
122 919
457 190
316 951
1023 121
714 981
217 519
517 800
44 800
562 981
387 103
37 540
265 519
435 540
424 103
940 211
1008 211
146 800
426 103
314 211
1012 800
666 800
785 540
351 519
656 540
78 571
920 540
186 800
168 519
399 211
17 519
522 211
402 800
17 800
203 540
719 981
704 211
519 981
132 540
54 981
354 103
71 981
542 981
753 981
795 519
1 211
308 540
679 103
949 519
978 103
218 800
954 540
811 519
344 571
885 981
870 103
194 540
68 571
441 103
429 103
63 571
196 103
235 540
352 211
57 540
313 981
385 540
945 800
818 540
52 800
969 519
238 800
107 571
217 571
798 103
253 519
649 103
687 571
633 103
443 981
206 800
92 800
655 981
401 540
723 981
829 103
174 540
246 519
421 211
843 981
877 540
393 800
596 800
220 800
24 540
522 540
463 103
35 800
409 571
369 800
749 211
502 103
297 800
696 981
908 571
337 981
233 571
392 981
418 519
1002 103
85 981
118 800
363 103
1015 103
387 540
960 800
430 981
672 211
293 981
702 103
204 211
162 571
877 540
451 540
918 519
790 571
398 211
1014 800
906 519
244 800
497 519
298 519
178 211
27 211
164 981
30 103
107 540
152 981
200 800
353 571
148 800
100 540
242 103
808 211
860 519
895 519
695 103
762 981
348 211
700 103
885 800
320 571
985 571
401 519
133 103
313 211
574 981
48 981
579 981
407 519
834 519
153 571
438 981
891 519
750 103
332 981
713 981
953 540
128 103
88 981
301 571
276 540
776 103
710 981
1018 103
614 540
528 571
125 800
416 211
224 981
924 800
538 981
779 540
752 800
658 211
263 519
238 103
938 571
810 540
439 519
233 981
734 519
482 540
549 519
966 519
307 571
862 571
692 800
363 103
552 571
190 103
920 211
120 571
747 540
940 800
776 571
236 540
357 800
652 981
301 800
466 571
521 981
342 519
776 519
79 519
531 540
942 103
1009 211
480 211
993 540
516 981
1006 211
1021 981
15 103
354 800
663 800
297 571
198 981
404 800
609 211
363 571
324 571
243 103
829 540
614 981
80 981
341 103
240 571
953 211
700 981
959 571
174 981
756 519
269 540
171 211
901 571
240 103
535 519
190 981
163 571
288 981
379 571
133 211
267 571
296 800
155 571
1011 211
510 103
886 800
24 571
316 519
1005 211
644 519
1011 540
148 519
806 211
9 981
114 571
630 981
791 800
1018 103
1007 519
751 800
302 571
548 519
179 103
470 571
657 981
861 103
676 540
399 540
416 519
866 211
861 800
524 800
291 211
759 800
7 571
905 571
171 800
448 540
759 519
450 800
72 800
970 800
13 540
324 800
901 519
134 211
510 540
701 571
604 571
110 519
594 103
459 571
415 540
358 571
465 571
324 571
383 981
167 981
914 540
920 519
561 519
205 981
999 800
999 519
580 540
766 540
912 540
523 103
662 103
731 571
703 800
702 540
396 211
670 981
23 571
101 800
985 211
923 800
138 519
600 540
713 103
895 211
172 103
286 540
26 519
620 519
474 800
265 540
426 571
819 103
1014 519
277 981
171 103
527 103
631 571
980 519
726 211
251 519
10 519
1019 800
112 540
24 571
109 981
205 103
71 571
120 571
941 800
695 103
243 981
202 571
452 540
452 981
870 540
495 540
505 519
610 571
319 211
781 540
82 103
54 571
555 800
918 519
452 103
418 571
876 519
491 103
836 519
158 981
612 211
398 571
703 540
245 540
579 800
447 981
595 103
524 519
983 540
62 211
252 540
929 519
831 981
71 540
378 211
296 981
828 519
127 571
87 800
735 981
71 981
574 211
547 800
281 981
240 103
935 519
529 540
959 571
957 800
694 800
334 211
118 571
962 519
719 800
669 571
523 540
306 571
944 800
976 103
753 981
145 211
799 571
144 981
186 800
1006 540
659 519
882 981
109 519
500 211
746 800
744 540
971 540
30 571
806 981
367 103
14 981
47 571
165 103
472 981
673 800
836 571
34 519
601 800
7 211
542 519
506 211
83 571
686 211
1002 981
962 540
86 571
620 981
538 103
963 981
735 981
463 103
95 800
875 540
109 211
244 211
677 571
691 211
81 211
495 211
872 211
538 571
987 103
591 800
986 800
412 211
426 519
647 540
295 540
249 519
483 103
127 211
100 981
836 519
977 540
211 800
347 103
738 981
216 519
958 103
952 519
237 981
29 103
866 981
613 571
732 519
716 540
702 540
130 800
530 519
677 800
840 981
573 103
313 571
177 103
706 800
635 571
343 981
346 519
559 540
883 519
456 103
915 800
401 211
854 519
306 571
709 519
535 800
653 540
58 571
834 519
180 211
972 103
285 519
886 800
666 981
624 519
743 981
888 211
571 571
972 800
448 800
418 211
206 571
215 800
347 211
532 800
697 981
587 981
835 571
847 103
923 571
988 540
223 519
969 519
430 211
48 211
501 800
832 540
965 211
789 571
643 540
360 540
228 211
437 103
716 519
113 540
494 800
789 519
89 800
606 800
282 211
616 540
266 540
258 571
669 540
202 211
805 211
757 211
841 519
297 519
504 540
272 103
795 519
392 540
294 981
430 519
509 540
736 571
486 981
945 519
77 981
672 519
634 103
593 800
728 571
933 800
738 800
603 571
858 800
125 103
566 800
889 103
11 211
437 211
76 103
636 571
815 800
426 571
957 571
1022 571
344 981
208 571
10 519
690 211
754 571
192 540
185 981
791 519
729 103
401 981
967 981
468 211
122 981
507 211
453 540
941 540
395 211
879 211
799 211
621 519
160 519
565 211
751 519
906 981
970 540
477 103
21 981
918 800
709 540
113 571
892 981
559 540
110 211
315 103
173 103
317 103
336 211
655 571
252 800
308 211
1017 571
494 519
115 981
929 540
131 211
178 571
694 800
420 800
624 540
892 211
12 519
482 103
745 519
132 800
994 519
159 800
380 211
235 981
974 103
113 540
782 103
20 540
157 519
379 519
932 519
145 540
594 519
128 519
882 571
647 800
115 211
493 540
10 800
474 519
524 211
913 211
442 211
209 103
470 800
846 103
952 211
420 571
33 800
436 800
552 981
355 540
724 540
950 519
723 519
44 211
112 519
706 540
365 540
202 981
664 981
543 800
539 103
852 981
537 571
91 519
707 540
436 571
144 211
840 571
724 540
921 571
929 800
762 981
890 800
821 103
33 571
145 103
495 800
526 103
870 981
65 540
885 211
933 571
265 981
21 981
651 211
963 981
467 800
205 571
700 519
897 981
649 103
889 540
246 211
176 800
88 981
808 571
380 540
432 103
151 211
761 211
209 981
402 540
356 519
685 800
854 519
544 519
594 800
569 571
829 800
124 981
929 211
457 981
293 981
974 800
1010 519
65 981
867 571
112 103
656 211
804 800
181 519
566 571
145 981
545 540
733 540
612 103
814 540
7 800
232 981
425 103
886 540
439 211
195 211
895 211
273 519
201 571
239 800
496 571
779 571
1006 800
320 981
792 571
370 519
625 211
699 981
183 211
480 981
90 103
576 519
421 519
586 103
275 800
582 540
1009 103
34 981
736 540
534 800
328 800
154 519
353 519
173 519
545 800
273 540
758 540
564 981
132 519
267 211
600 800
127 800
81 571
238 103
368 800
529 981
315 103
169 571
471 571
364 519
30 540
236 211
938 103
499 519
98 519
1012 103
394 800
33 540
329 800
828 540
23 519
463 519
204 800
456 540
61 540
62 540
19 519
388 981
246 211
430 103
737 981
346 211
799 800
853 211
165 540
245 519
694 981
834 519
21 981
780 103
513 800
452 571
972 519
103 981
457 519
868 519
105 211
12 540
133 540
254 103
177 103
245 981
340 800
166 103
310 571
160 571
295 540
342 211
385 103
148 540
634 540
943 981
928 571
449 800
521 571
686 540
383 800
851 981
54 103
755 211
740 211
56 519
609 519
806 103
368 519
205 540
829 540
936 571
713 981
816 103
87 800
378 981
393 519
525 211
42 800
574 571
309 540
870 800
17 519
291 211
595 800
480 571
398 800
1015 981
241 211
230 540
492 800
778 800
840 540
739 103
869 800
885 571
273 103
320 519
24 981
618 981
164 571
746 519
689 211
686 540
526 800
236 800
439 800
870 103
494 519
565 981
327 103
636 211
17 519
554 540
527 981
192 103
369 519
387 519
201 540
50 571
764 103
21 211
75 981
206 981
922 571
821 540
410 540
960 103
315 540
290 211
905 519
763 519
468 211
376 981
809 211
45 800
248 103
303 540
786 981
80 800
941 571
388 211
93 540
497 540
335 540
963 519
336 571
880 800
754 519
844 800
938 519
798 103
264 571
581 211
389 800
671 519
59 800
709 981
528 981
734 800
464 211
786 211
5 981
645 211
479 103
555 540
178 540
534 571
138 211
579 981
956 981
590 800
19 981
515 800
365 540
508 571
712 103
99 540
68 519
822 571
718 800
132 519
217 981
159 211
885 519
43 800
706 211
90 981
844 211
382 571
353 519
841 211
410 211
937 540
892 981
894 981
785 519
93 800
513 981
305 571
978 519
44 103
192 519
987 540
225 981
768 571
248 211
19 540
432 981
921 981
846 211
300 103
800 519
828 103
149 103
183 211
524 103
256 800
680 981
705 800
477 519
240 211
524 519
10 1023
498 381
785 913
726 473
69 408
233 851
84 329
439 119
13 158
518 201
639 859
1023 1023
215 354
215 703
690 24
510 355
250 1016
521 862
526 256
982 777
443 418
125 982
731 467
767 172
619 55
78 177
189 674
133 569
448 214
261 855
60 406
878 463
45 134
914 803
912 435
759 376
519 464
407 898
768 642
743 848
308 478
503 105
924 287
942 127
960 742
299 882
934 464
6 560
561 725
884 38
437 355
210 122
369 641
354 290
131 569
317 570
834 204
135 64
256 835
321 884
454 78
438 998
731 296
697 938
492 61
274 67
869 1008
703 108
460 253
883 882
591 809
624 530
935 634
484 1010
451 987
717 652
216 817
634 149
997 602
816 867
764 229
67 446
117 906
996 31
282 731
104 474
723 350
89 606
461 954
997 980
888 324
95 715
667 275
225 977
456 350
245 259
184 21
129 951
500 469
105 905
983 971
1015 1001
910 774
659 177
473 233
800 374
623 733
267 374
579 747
474 231
420 826
237 18
167 862
243 104
344 884
678 875
916 549
198 257
570 891
77 256
109 980
346 262
850 644
363 502
859 590
936 568
470 884
215 771
879 671
144 289
30 882
188 420
237 276
417 644
407 560
613 463
470 497
520 132
874 405
502 632
364 433
808 64
91 592
101 199
783 652
122 665
290 281
140 301
670 601
1004 554
610 830
158 891
355 626
747 577
735 335
48 557
507 290
985 510
113 332
643 289
651 246
470 235
509 699
861 999
824 671
839 856
407 49
11 114
192 680
115 107
804 547
627 373
20 343
1009 603
423 699
59 133
1011 954
613 58
465 339
306 66
848 374
876 768
62 250
204 939
781 637
107 294
465 482
581 854
941 928
328 520
47 171
1016 522
591 297
321 620
873 160
828 76
674 701
387 663
345 547
309 2
737 977
461 308
939 888
718 650
102 593
21 989
234 490
675 845
416 848
118 740
563 391
756 231
580 126
581 967
190 80
100 230
897 612
980 697
50 990
709 990
415 42
367 432
754 190
43 263
569 996
905 345
948 254
680 205
366 820
414 240
425 562
129 1019
863 378
560 453
902 785
952 181
875 40
510 358
49 741
46 618
63 531
967 140
913 349
559 565
4 338
308 377
444 236
397 646
578 602
111 603
795 216
684 570
407 967
649 174
755 849
138 495
864 607
723 816
314 155
281 175
988 943
852 1011
469 643
34 21
139 177
321 64
982 448
335 804
378 116
183 496
541 824
742 790
328 314
815 828
438 921
92 205
580 914
624 26
538 343
81 1007
48 172
617 379
255 211
833 187
536 520
272 1016
567 346
870 851
979 506
69 970
22 915
320 547
842 842
898 449
302 174
684 944
64 611
371 1006
48 229
837 521
863 949
718 556
121 429
286 819
465 900
248 59
68 150
112 558
898 883
798 45
301 608
949 945
1013 470
861 577
635 575
640 470
638 285
952 475
72 587
330 7
91 541
660 11
844 705
591 392
313 800
144 969
251 948
333 362
621 889
610 513
100 15
555 256
800 759
853 847
177 770
151 759
793 38
718 975
908 286
27 352
172 201
263 586
278 1002
368 19
458 523
385 681
544 711
550 573
31 864
480 665
38 196
16 890
470 433
428 861
875 688
344 293
777 375
83 761
223 228
705 237
295 422
93 724
654 827
99 244
459 203
509 752
266 262
963 43
132 414
731 779
937 30
120 931
910 689
453 372
29 896
784 82
548 780
558 439
963 78
454 118
399 955
817 112
308 214
570 560
683 751
80 157
315 699
444 731
815 330
152 153
831 934
692 103
817 904
126 62
997 626
753 213
188 440
694 374
343 359
983 898
155 281
342 576
183 228
703 617
765 4
235 99
1003 134
278 449
722 331
477 512
103 797
498 830
308 664
579 46
328 540
956 666
419 308
187 967
370 342
894 470
533 825
548 992
402 747
911 481
647 645
613 245
13 263
612 562
146 529
736 419
938 965
42 644
80 267
326 910
468 309
138 597
15 934
1017 916
700 938
358 817
634 580
602 831
795 155
129 286
878 803
52 889
188 622
799 457
537 512
199 961
869 699
272 876
397 744
279 234
359 738
457 808
834 220
120 69
639 286
574 223
450 828
915 78
290 682
744 726
5 533
915 216
8 93
780 182
325 851
529 983
859 656
686 237
739 709
290 715
678 586
10 203
920 822
743 312
957 32
396 102
763 865
388 662
768 226
742 353
945 884
166 658
885 949
206 962
22 57
864 529
973 408
520 319
903 105
471 794
313 587
73 911
513 195
199 721
134 530
399 132
723 805
556 782
154 387
290 870
744 635
327 40
746 617
882 270
776 417
522 894
426 73
735 311
431 173
627 52
131 45
458 197
2 38
877 328
533 456
155 548
923 187
622 571
1001 704
905 1004
447 617
370 531
171 796
900 227
2 540
234 882
1011 232
127 359
343 532
755 141
142 2
492 380
155 965
736 243
874 91
102 576
395 844
511 955
942 1008
613 773
375 121
987 679
30 506
1017 518
824 873
910 41
237 438
124 288
580 399
646 880
36 107
488 532
899 469
67 694
223 845
231 150
898 879
224 445
288 852
145 1019
345 168
537 735
572 881
79 14
820 398
390 100
191 919
681 319
186 328
51 261
423 487
273 794
650 988
558 273
944 436
346 807
820 420
1000 840
498 705
686 6
511 715
791 332
344 992
14 432
633 883
694 999
144 159
779 783
395 145
852 962
733 123
489 680
387 857
20 123
633 975
651 721
1 909
895 413
439 473
29 872
638 434
676 346
448 287
979 399
539 686
307 163
142 347
722 874
121 6
397 410
181 1000
82 28
638 415
926 342
855 710
204 782
584 1002
410 682
829 68
903 409
167 816
425 459
788 827
469 208
25 556
784 824
595 789
393 438
290 190
462 950
842 365
475 284
521 696
93 562
805 637
693 127
115 457
813 195
619 517
137 239
653 773
624 44
307 875
524 281
713 119
237 562
23 19
87 360
157 403
308 415
36 701
154 462
852 884
900 42
933 931
597 758
726 800
488 529
219 584
335 382
922 758
402 761
595 840
650 427
593 885
737 836
745 438
118 431
151 391
243 978
320 278
349 596
86 603
327 177
651 1004
593 704
833 132
793 413
523 539
623 21
691 972
728 370
592 355
993 172
963 505
256 718
11 563
366 398
544 557
640 296
859 997
133 722
177 95
347 209
292 599
907 312
185 676
321 375
75 995
421 850
208 65
926 151
321 374
996 960
79 129
872 721
131 271
204 826
981 639
429 358
697 789
167 154
102 171
974 702
155 101
382 843
23 413
49 487
825 216
858 104
407 395
897 946
174 642
445 325
762 857
485 299
631 554
446 232
338 104
88 25
625 723
866 125
851 951
185 475
467 399
19 929
395 910
393 362
491 605
209 179
37 300
350 285
286 83
950 680
517 44
435 834
604 374
729 82
718 199
503 1013
782 530
299 229
785 215
278 55
21 857
132 316
472 1011
620 189
448 146
246 119
787 396
706 628
115 617
707 436
686 235
170 678
354 227
366 904
413 530
498 39
45 71
670 806
69 238
429 108
598 29
412 739
99 31
344 839
750 231
247 8
305 890
700 461
808 337
863 891
94 607
819 188
1019 530
507 636
360 536
417 974
759 933
950 580
402 909
682 220
303 728
175 268
654 701
326 583
941 209
222 471
681 496
391 52
77 84
236 11
805 758
569 5
635 80
799 42
638 880
712 858
251 124
691 831
431 435
538 60
946 536
147 149
720 787
904 685
75 812
256 955
239 600
907 966
160 313
813 686
686 683
84 783
234 636
397 906
572 402
977 858
883 977
883 436
677 197
813 307
497 137
309 739
1000 53
36 540
573 647
279 83
226 552
341 936
564 325
100 247
893 862
34 521
734 746
752 131
175 978
40 167
126 671
515 595
1018 654
860 142
889 47
389 572
84 731
743 897
189 945
376 48
359 381
448 411
142 419
572 788
229 779
837 536
463 835
880 670
886 100
640 611
112 820
145 442
71 943
73 40
331 881
462 1001
979 909
439 187
93 337
586 298
129 62
591 676
339 373
12 151
787 473
796 209
351 763
405 233
119 353
914 695
434 52
656 421
336 723
23 848
694 876
35 212
366 721
650 962
1017 706
714 647
723 809
76 879
890 290
431 224
1009 693
6 933
175 908
587 534
792 830
931 744
1008 544
687 168
605 162
794 326
898 693
44 74
721 262
468 101
281 552
10 948
171 543
788 348
466 635
199 62
30 287
263 333
630 207
126 611
871 362
526 595
234 232
71 273
274 292
897 213
622 577
725 821
575 338
693 833
943 171
728 897
742 957
41 214
474 86
224 900
780 552
486 302
440 573
397 906
424 907
861 391
323 91
381 29
88 535
862 277
795 129
609 650
201 772
381 347
163 145
785 947
798 442
320 475
77 517
466 486
813 485
51 794
1000 639
780 724
118 863
369 411
317 391
541 974
167 568
123 849
803 808
694 852
624 4
82 650
832 748
580 180
210 283
399 200
259 267
311 830
698 824
994 962
827 146
251 326
241 967
995 873
784 186
929 838
129 100
693 362
677 451
916 89
918 799
194 759
992 192
817 173
534 687
375 178
186 250
13 498
568 535
546 848
829 606
687 709
640 48
38 747
573 525
719 601
87 348
853 727
893 938
606 534
574 1007
1020 381
990 813
422 1006
10 426
638 904
615 661
170 917
330 615
340 469
584 280
993 702
29 359
32 783
154 147
1023 1023
428 348
467 934
310 473
779 939
585 927
252 738
661 740
831 689
927 347
245 310
172 719
84 241
684 605
710 439
515 639
100 486
869 641
723 566
162 321
620 190
449 48
971 534
229 161
873 217
103 550
845 268
834 208
651 928
131 735
962 320
353 483
804 233
76 948
411 77
236 525
159 755
713 45
326 537
764 510
249 11
699 76
418 225
686 115
625 827
351 500
243 439
497 923
737 116
508 579
721 132
898 815
115 335
207 882
45 737
215 582
515 704
807 378
979 219
127 896
259 99
739 101
249 799
234 364
759 500
517 524
361 415
771 100
270 754
974 604
989 670
299 394
27 57
676 571
196 635
996 1019
290 675
70 863
643 812
585 402
720 200
753 591
345 21
82 188
283 708
78 787
677 801
172 30
969 30
156 14
837 33
575 765
753 285
773 135
157 234
483 599
60 362
371 35
388 429
77 82
242 835
754 791
857 567
419 591
850 116
713 332
599 274
333 355
211 456
1018 70
659 736
405 467
201 971
788 989
805 567
873 1008
976 670
659 997
128 129
104 175
940 510
292 617
586 122
836 198
537 274
381 58
472 666
888 377
495 692
778 959
953 816
371 814
347 776
395 580
753 732
429 492
421 467
68 695
963 23
63 746
1007 783
544 120
440 346
1022 426
783 697
580 523
456 345
749 575
203 43
809 429
290 21
985 277
987 33
334 21
690 791
675 402
949 336
408 464
564 855
929 311
115 102
948 227
770 1001
183 362
34 1004
629 550
803 443
388 213
519 875
769 33
134 959
739 376
770 414
27 735
1016 143
320 836
156 885
953 191
991 514
205 563
195 10
120 476
852 972
685 214
550 981
541 300
5 989
423 471
610 758
173 398
230 342
749 566
738 462
388 343
768 2
789 738
19 88
315 845
983 28
73 884
418 177
678 953
310 741
672 377
793 136
785 356
679 465
266 965
214 434
389 217
335 305
655 917
1019 337
765 975
999 802
760 770
465 423
452 436
704 317
130 1017
228 947
406 611
219 1004
434 697
604 447
575 981
304 526
438 289
829 392
556 491
222 899
278 498
343 170
377 907
510 913
265 337
199 242
207 233
627 694
132 121
561 306
442 887
518 581
490 460
771 143
269 342
254 294
375 377
373 712
968 774
247 570
943 706
639 63
866 24
86 1022
614 874
88 763
892 643
384 756
648 623
846 883
287 213
452 801
997 433
888 923
504 769
614 881
642 477
259 631
400 937
222 878
855 263
59 810
36 787
494 3
156 969
134 1003
385 835
672 778
83 631
925 231
789 357
727 433
109 1021
209 202
323 448
216 1016
863 1
152 997
627 1011
709 645
391 238
419 599
207 380
780 531
167 379
976 436
895 146
930 266
873 588
449 984
716 400
280 875
620 488
402 739
457 77
611 928
766 686
128 860
561 820
514 336
917 188
817 514
253 386
740 389
828 16
639 208
438 370
530 541
162 130
731 297
349 492
312 26
1021 917
1019 125
101 748
182 753
443 222
203 373
481 769
809 725
874 109
783 53
277 927
520 155
940 117
48 933
259 378
886 724
700 936
339 690
294 911
214 728
325 156
516 90
595 662
974 693
314 15
473 433
316 950
732 201
512 94
587 79
285 319
897 427
404 982
687 169
713 139
960 5
721 613
820 336
356 487
708 258
209 614
341 268
15 1009
747 568
819 204
585 615
801 263
530 542
756 827
726 119
378 440
360 585
142 194
769 200
1023 217
895 427
185 570
359 476
921 313
198 784
809 183
133 258
312 192
28 939
238 201
466 1005
310 225
644 372
239 564
128 730
459 781
256 570
246 354
852 929
537 614
536 371
325 162
777 899
439 364
397 55
1003 367
412 546
154 169
484 1021
368 1002
239 944
878 561
107 937
409 805
932 947
216 767
260 765
182 813
952 1019
511 1004
626 122
521 520
599 111
174 739
479 395
105 466
342 702
376 307
74 21
262 72
491 820
1005 797
383 345
636 212
697 191
675 161
883 197
497 146
687 691
433 907
925 539
501 801
354 681
561 625
587 613
701 517
942 59
245 398
678 634
541 936
977 177
557 526
518 729
339 162
817 419
906 712
21 889
901 117
505 135
930 486
551 612
130 297
757 86
721 736
403 462
699 471
83 1011
148 974
153 388
827 974
533 78
170 828
110 457
290 963
1015 215
133 50
1002 489
382 463
297 497
389 1
264 906
430 775
381 948
483 74
807 763
533 349
121 665
693 781
497 850
199 264
974 90
543 15
780 494
221 862
444 546
287 770
742 808
182 1020
690 528
972 789
431 214
341 675
54 742
91 406
920 769
500 551
109 444
261 75
26 706
189 387
933 430
189 816
124 540
1005 999
34 126
219 461
759 75
837 637
684 628
803 860
631 114
780 651
571 743
633 109
871 134
734 820
964 89
102 428
267 442
365 892
269 17
817 386
323 187
873 583
904 461
632 949
719 212
552 799
747 191
580 703
418 923
435 951
835 717
251 593
859 12
504 433
706 199
906 119
402 97
601 1007
294 858
777 606
222 484
907 391
709 719
512 701
1023 509
485 398
324 422
889 741
730 918
277 126
291 767
595 429
631 425
75 653
782 883
446 84
973 358
698 918
490 961
545 68
494 171
461 857
857 992
477 359
1006 563
984 344
882 61
568 710
201 425
433 624
521 419
850 13
1021 66
296 965
841 305
109 391
174 714
390 719
512 1023
250 235
415 363
238 2
654 586
21 984
336 285
239 415
531 557
370 815
135 614
646 360
1003 307
655 708
1002 29
676 505
610 550
832 110
486 609
42 149
877 269
87 605
122 769
554 851
553 400
319 128
443 123
806 781
668 490
974 699
432 699
464 387
304 314
681 714
320 451
624 725
961 772
769 332
632 740
105 777
709 117
721 1011
407 748
842 152
781 224
628 239
735 161
824 126
893 796
852 300
766 748
1004 4
87 772
518 704
71 781
427 451
516 2
165 851
249 423
440 774
455 826
119 988
952 161
997 214
433 789
973 313
145 838
903 133
961 1015
926 632
846 941
1023 559
378 245
642 305
83 251
154 994
142 812
413 365
942 888
134 331
138 34
378 995
877 535
569 13
327 584
816 366
212 971
382 208
976 118
545 647
961 659
427 702
469 905
1015 1017
937 779
18 161
630 964
874 190
626 451
425 271
253 55
956 392
167 499
116 330
828 490
349 313
219 933
30 686
297 738
784 567
561 538
297 322
575 580
651 600
714 784
285 171
288 577
470 881
53 523
418 196
765 753
32 703
469 321
80 17
438 973
899 903
256 22
535 148
147 411
69 308
340 348
844 253
823 925
182 736
58 554
584 684
389 639
478 782
500 50
932 583
521 408
218 612
132 717
1 896
418 48
25 144
820 669
787 60
963 493
515 4
481 883
113 904
812 818
732 519
61 288
343 742
523 81
69 574
122 398
599 487
457 539
691 469
446 289
718 582
24 563
790 498
437 630
91 203
814 301
663 21
664 484
59 221
201 950
63 899
195 93
865 292
991 190
991 136
82 915
769 778
925 387
840 798
223 110
327 770
64 994
705 234
476 131
493 702
149 543
986 434
566 487
300 479
916 929
600 925
263 419
588 306
866 67
236 264
740 622
455 920
260 119
1010 496
353 111
51 936
607 41
33 770
480 756
555 878
100 745
134 476
586 436
917 748
446 756
56 838
593 902
132 404
952 536
919 902
668 963
990 387
363 829
153 464
920 289
960 225
832 239
487 838
270 821
298 801
798 539
74 375
400 368
877 583
630 565
413 399
47 128
992 102
111 89
974 149
699 397
548 171
391 562
350 548
849 697
714 391
564 77
207 56
609 855
489 782
958 49
664 582
561 926
647 422
252 60
44 524
379 949
354 180
707 124
967 549
322 279
909 180
744 946
766 855
216 575
734 605
1009 342
635 235
2 410
459 417
93 205
216 366
787 462
274 383
707 731
459 57
193 938
136 746
616 279
547 161
202 430
613 740
990 338
287 543
623 773
663 438
939 898
402 686
285 947
138 543
976 574
782 321
111 764
963 789
784 497
646 640
689 384
270 959
173 277
811 236
727 199
965 324
738 371
671 402
500 891
163 593
783 791
247 1012
120 338
622 1006
167 271
17 623
190 563
630 670
113 447
177 250
918 1000
217 676
418 1005
89 627
222 832
519 323
28 752
227 13
345 713
1022 440
506 118
438 584
28 653
461 678
617 807
138 132
559 551
202 889
969 748
248 653
843 418
117 24
767 234
417 183
625 368
594 380
660 303
356 642
309 33
332 652
48 163
62 202
828 668
193 120
389 864
22 800
226 94
255 424
154 333
190 579
859 640
1004 458
130 286
329 505
255 113
262 880
342 174
356 425
291 678
466 956
228 528
169 422
437 454
957 908
98 794
24 79
790 612
829 717
610 153
37 298
941 744
917 958
345 461
642 150
985 39
420 323
992 251
923 629
137 481
431 733
136 829
374 699
506 42
586 871
390 536
105 786
648 869
535 95
396 516
178 138
341 1019
129 1013
379 125
862 49
865 332
257 225
791 766
871 402
411 621
560 61
367 286
455 847
488 785
876 1003
1016 785
79 649
723 376
500 22
262 955
556 238
921 801
890 895
845 139
711 168
928 500
463 180
767 881
288 455
559 100
285 94
720 437
56 383
576 369
864 123
579 517
434 797
477 576
5 375
411 770
897 615
757 754
360 217
1023 1023
703 942
749 911
606 933
215 957
675 289
27 255
670 1005
671 274
580 577
293 796
348 75
690 378
755 15
946 933
195 1004
497 237
45 917
295 347
490 842
338 502
613 898
729 359
655 199
617 743
990 776
792 657
70 521
258 891
452 608
834 177
238 124
114 865
833 592
799 82
148 596
316 759
352 909
228 831
65 904
911 380
296 684
342 992
676 930
436 795
438 963
944 391
763 638
640 929
196 23
207 709
577 396
1013 877
364 1002
384 38
907 402
137 161
798 589
804 977
495 1008
505 470
965 850
653 394
228 116
60 643
618 474
369 501
152 451
317 832
217 556
789 170
300 747
403 885
483 693
779 406
794 308
670 268
810 273
733 608
742 46
668 457
632 496
557 116
864 257
523 179
473 310
329 501
564 14
633 692
73 437
363 830
930 984
441 45
888 166
912 147
233 6
131 450
703 164
652 687
74 191
476 745
173 1007
382 603
485 137
765 746
713 851
51 814
210 136
939 654
897 130
37 901
915 124
531 314
587 740
480 854
594 417
342 492
650 249
410 904
496 449
312 160
136 835
390 900
536 275
851 140
969 266
38 914
352 890
791 987
296 261
607 392
962 23
605 793
50 990
330 446
477 724
103 704
176 881
115 801
78 211
74 462
199 594
844 166
59 682
721 850
322 198
512 512
209 95
996 678
349 32
481 965
426 916
736 387
337 645
433 572
920 655
962 73
977 370
992 74
436 206
553 1002
752 619
215 1011
392 89
982 841
505 463
316 441
950 239
594 813
665 950
751 589
712 929
150 758
724 353
91 661
910 781
884 471
423 798
263 737
648 373
831 757
785 421
922 32
931 533
652 765
478 806
91 679
414 127
173 368
763 313
375 262
944 810
729 262
463 19
983 40
765 535
956 856
192 303
596 567
958 182
405 507
885 156
655 628
870 229
7 687
929 273
155 997
822 38
784 157
17 507
903 792
307 46
656 239
122 873
188 652
864 554
43 335
1009 682
64 288
613 919
170 549
737 718
283 819
160 831
550 295
563 776
159 673
603 493
513 696
503 315
161 470
981 182
833 579
861 496
598 593
346 343
232 551
339 439
431 561
641 872
942 889
930 478
856 178
58 652
199 49
233 401
459 715
173 50
510 938
197 444
992 788
804 410
505 584
764 874
189 959
768 836
848 721
813 530
416 878
434 944
736 42
700 724
456 401
663 554
1013 576
692 525
812 145
290 150
230 118
71 868
760 326
560 109
735 958
763 190
735 161
1003 814
89 241
859 109
2 387
758 852
276 646
84 467
709 716
76 235
903 596
378 172
343 609
543 20
834 101
949 221
492 767
177 247
246 808
68 308
788 30
748 570
961 377
760 567
992 129
488 114
972 841
1004 600
255 748
656 814
931 711
230 594
823 251
701 875
238 452
648 617
923 406
692 606
404 435
691 292
577 809
289 305
772 214
32 977
408 350
296 917
934 679
475 972
340 710
748 636
197 237
107 1004
16 548
800 324
535 331
867 47
418 508
172 510
947 788
134 220
883 7
905 685
87 844
991 288
304 318
145 433
36 231
980 946
17 774
734 242
931 561
685 867
9 525
488 172
18 650
390 725
826 451
610 865
598 335
544 415
361 812
826 257
836 275
886 161
211 427
314 542
909 112
274 406
658 17
446 213
282 75
972 614
292 612
61 378
574 664
516 268
620 49
621 25
220 538
336 372
375 394
758 23
828 285
699 76
269 442
602 554
716 1
780 765
196 590
817 575
962 960
736 584
796 429
387 371
1004 345
342 964
8 960
114 796
863 260
577 940
660 594
182 695
333 73
780 25
243 90
755 937
708 714
421 227
571 725
774 575
518 670
442 238
856 22
273 917
682 958
993 487
39 615
730 864
852 263
178 554
606 105
955 921
536 327
514 75
697 615
828 428
137 30
196 45
557 398
194 276
218 345
90 668
263 860
902 789
541 1011
70 543
233 203
768 722
379 1021
494 875
499 310
985 619
294 846
453 681
472 740
912 847
78 732
157 651
572 376
258 989
201 379
483 890
630 26
244 186
130 114
681 984
30 359
949 234
867 30
266 269
641 106
317 401
328 151
268 213
952 53
519 763
597 241
12 645
683 38
538 1010
694 65
885 1
263 514
789 194
437 293
486 723
124 915
736 968
337 745
953 510
242 618
673 155
705 459
935 546
508 973
190 879
72 583
973 9
918 209
750 521
190 739
763 177
558 804
248 1001
451 854
637 264
514 637
450 563
526 920
460 294
1011 999
12 543
733 532
49 335
622 399
51 680
839 218
935 541
408 174
626 652
483 531
997 42
675 50
528 629
33 967
908 509
679 929
194 474
865 990
332 233
483 185
831 819
612 588
136 729
896 349
70 136
130 520
493 712
385 36
661 562
420 515
715 143
59 525
295 310
71 412
141 491
655 609
150 767
370 271
110 1010
69 955
99 75
575 896
663 359
709 205
924 621
154 84
430 495
538 930
265 300
1004 333
408 376
183 700
141 903
592 658
776 802
529 963
795 486
576 254
994 341
664 380
723 644
914 994
710 936
183 1015
649 1006
370 710
563 33
963 595
891 58
458 957
36 798
38 242
142 637
941 257
235 341
517 510
809 200
724 665
492 1014
455 660
657 543
608 895
719 452
334 714
831 924
814 494
826 609
934 490
565 461
295 684
229 670
804 977
133 646
639 783
729 378
35 88
282 434
623 856
406 142
916 983
187 378
173 1011
891 648
338 623
231 815
431 738
555 307
270 929
165 522
779 894
167 95
446 878
661 599
260 266
532 907
110 742
962 876
537 191
892 713
125 955
281 862
191 558
818 816
532 483
280 777
727 545
239 400
441 459
178 148
847 184
601 398
463 771
486 31
505 550
792 855
240 456
29 594
447 982
97 558
698 779
934 901
116 146
786 224
39 972
839 392
134 202
768 982
631 862
483 601
14 468
981 24
916 230
10 279
111 297
171 256
912 387
87 249
934 127
863 678
1022 7
559 927
836 741
949 585
553 861
721 672
984 828
927 800
749 623
329 922
129 418
586 313
697 914
453 764
624 731
995 493
651 294
970 958
154 521
770 189
572 733
490 595
727 723
856 645
935 162
512 472
338 371
12 834
945 905
77 1001
380 248
40 837
791 881
454 888
942 153
556 497
887 95
956 434
74 447
297 410
775 628
363 917
517 977
470 260
576 691
275 320
260 475
616 875
637 571
779 109
942 176
579 165
429 545
474 136
133 274
520 709
641 940
648 983
754 899
520 1003
253 928
460 433
479 42
289 1012
962 468
752 474
800 179
731 957
259 495
50 475
133 595
823 665
1021 597
886 650
196 651
765 266
727 744
163 661
354 169
438 176
679 947
418 280
152 432
194 499
866 766
801 782
553 593
46 527
947 316
188 215
192 197
322 580
678 433
1012 802
904 741
439 162
292 671
702 949
442 83
283 199
311 686
784 410
297 119
29 827
417 546
121 67
87 579
182 691
513 816
330 216
432 392
458 48
407 718
1021 398
10 820
686 86
125 915
731 134
177 929
557 209
644 229
214 467
512 604
889 807
673 167
716 596
221 268
405 132
733 153
209 171
48 753
729 783
818 198
810 99
1002 304
205 42
303 469
928 86
422 507
531 758
839 514
914 925
315 754
790 933
312 885
330 886
268 9
958 117
495 98
840 874
958 813
30 408
468 803
124 1015
481 353
308 499
625 756
663 560
412 239
173 146
939 735
341 838
859 198
80 823
291 241
1022 374
856 648
855 594
99 446
872 755
908 497
656 312
252 794
387 468
687 415
149 520
833 470
1019 63
399 387
942 121
384 346
81 580
501 758
512 330
884 297
830 904
62 235
250 510
569 1015
895 177
99 393
872 782
479 278
1015 555
514 241
127 731
31 553
803 162
482 979
742 397
328 339
953 688
102 983
431 174
328 200
361 866
758 629
542 34
329 925
202 1013
777 591
902 168
532 927
57 747
526 745
172 1006
712 864
535 567
362 882
348 108
502 581
918 256
811 815
187 462
177 88
308 580
847 132
427 844
986 199
677 23
113 515
724 458
924 95
638 1012
886 695
572 324
334 649
388 346
743 55
324 912
738 234
494 930
51 169
3 550
240 119
16 352
544 899
166 159
67 636
539 317
969 840
545 597
517 534
622 850
1 563
637 279
104 402
898 829
553 961
594 17
508 517
411 18
238 880
118 744
766 698
69 965
369 425
350 837
818 366
503 75
468 727
76 536
811 610
46 401
959 31
174 626
315 147
351 820
994 283
395 27
92 887
466 95
345 407
573 407
409 893
477 645
403 52
594 439
629 548
147 334
931 314
778 510
617 58
355 124
332 352
771 298
732 544
726 969
754 39
93 259
887 968
722 330
772 19
178 983
126 395
24 570
395 217
272 698
123 679
376 89
910 629
641 709
437 371
147 832
240 815
384 103
248 771
278 328
125 1018
1003 594
859 987
190 214
581 169
959 387
775 34
748 431
390 374
520 67
563 70
483 581
483 410
985 297
791 616
233 306
750 63
392 438
820 579
769 408
853 957
442 650
609 887
16 327
710 962
145 414
769 866
524 54
841 48
274 936
854 83
227 300
515 258
953 220
181 294
85 752
138 335
994 573
155 642
338 142
795 896
215 151
194 455
661 671
961 145
782 154
320 892
736 41
89 167
176 321
723 384
130 329
1023 1023
370 6
151 22
997 854
31 328
195 12
53 821
43 243
905 532
550 832
578 533
32 107
905 216
145 386
306 879
559 968
910 305
40 348
267 410
624 421
86 522
431 980
170 37
254 462
853 774
912 574
293 867
152 814
111 528
624 150
199 803
213 439
1010 975
387 796
160 482
191 242
148 173
540 961
535 753
962 177
152 314
126 73
8 432
303 695
762 751
1012 28
250 520
834 23
590 616
609 806
260 839
440 782
998 913
249 270
668 672
1001 762
382 142
748 796
67 979
912 631
259 674
108 240
76 96
315 849
785 102
276 824
80 7
637 752
418 15
21 418
486 653
89 867
820 116
394 237
529 189
509 939
403 765
275 360
502 967
605 838
546 1005
996 677
109 352
579 689
495 976
689 542
629 730
709 195
585 464
42 475
477 882
64 744
655 374
453 671
409 27
597 493
578 53
285 121
361 177
35 405
236 379
318 73
607 112
570 672
1004 111
600 846
323 756
875 839
566 154
794 410
735 422
167 955
357 143
742 490
983 460
251 803
331 198
197 79
321 870
83 739
1021 594
877 395
931 468
217 836
409 914
606 478
563 739
454 963
423 1022
676 939
556 677
137 353
600 421
288 938
481 60
432 683
49 928
826 934
711 848
452 972
109 11
936 763
96 743
919 565
15 963
680 453
878 394
755 724
268 521
587 166
650 179
898 322
196 200
149 985
167 194
158 369
199 281
942 391
691 425
339 442
123 805
941 836
689 165
588 612
480 405
625 888
93 807
86 331
759 907
646 674
350 349
280 670
640 384
1016 795
951 185
208 732
149 11
899 987
945 802
591 807
139 394
768 656
57 749
513 482
943 951
746 434
582 890
868 246
552 191
249 366
424 193
658 413
561 868
585 296
16 451
832 630
948 718
369 14
428 867
180 183
923 301
567 224
40 855
787 489
742 76
725 53
814 701
536 704
524 742
530 23
97 52
172 759
741 321
154 144
291 764
178 178
457 761
629 692
66 156
166 597
715 578
528 855
83 265
203 619
715 433
307 640
65 492
686 1005
603 117
708 325
540 165
832 730
257 705
576 44
499 889
128 22
17 146
836 268
790 748
515 665
710 310
846 830
723 1007
839 206
82 119
985 450
205 413
293 894
519 572
743 661
239 584
359 785
429 778
331 492
954 133
351 364
822 482
29 871
303 414
25 446
51 267
686 679
385 723
897 674
573 37
208 799
781 963
831 290
614 917
441 534
681 568
866 618
83 58
486 270
502 362
440 521
971 254
31 911
929 259
520 310
870 343
176 980
146 635
108 833
163 426
648 188
765 580
159 533
445 542
10 763
11 781
77 837
391 216
649 721
415 259
279 981
557 655
458 288
994 945
541 645
186 763
230 419
197 213
480 149
317 776
498 470
232 935
868 379
377 811
719 501
751 717
829 363
923 334
925 962
577 693
324 350
224 802
72 484
759 460
731 508
63 216
812 313
15 663
1022 193
771 297
875 531
917 814
282 15
292 705
908 519
220 736
872 794
675 435
209 937
149 313
217 645
28 91
926 211
451 294
961 805
1003 578
627 919
727 268
226 253
110 209
455 991
375 104
224 350
668 933
209 170
782 82
395 724
777 710
99 270
424 722
573 673
970 649
924 606
616 932
24 41
440 759
986 833
716 491
153 742
1010 278
439 561
78 460
135 785
632 849
526 997
480 588
166 166
753 400
430 82
795 145
280 202
1012 776
561 13
309 608
375 635
773 177
1017 458
182 658
395 270
9 921
588 216
861 887
814 388
551 786
613 331
242 923
502 11
105 154
567 995
310 690
253 606
985 109
438 308
359 908
447 554
391 288
399 503
414 915
707 526
656 455
668 112
553 414
643 717
1006 459
595 37
171 987
90 364
402 734
146 514
738 162
293 217
999 959
51 544
178 541
945 143
102 649
507 525
453 285
568 559
708 188
667 46
172 572
865 273
314 487
454 799
595 275
785 41
754 255
726 584
15 300
507 541
777 388
508 479
735 85
864 626
381 191
78 59
146 934
698 653
946 348
337 318
700 706
795 481
993 412
646 897
904 856
68 937
812 305
125 692
434 518
946 660
834 8
875 297
208 517
1013 336
492 648
790 261
602 229
117 594
402 285
47 731
852 587
1010 60
88 302
675 808
492 556
338 726
12 503
615 413
632 29
195 502
454 232
954 382
278 473
334 61
125 519
252 496
199 202
101 363
893 371
777 362
973 668
359 467
739 803
401 635
871 997
30 776
609 129
146 470
325 701
906 862
1010 305
558 305
778 821
769 963
564 59
243 653
361 877
191 773
519 215
887 580
513 72
353 713
21 171
203 985
722 453
248 867
509 802
803 485
850 474
81 668
1014 149
812 669
886 327
144 200
347 80
880 917
913 130
895 848
409 515
698 978
685 411
767 445
920 55
856 766
545 563
280 1023
920 111
1003 794
42 104
109 693
499 575
824 1009
392 812
685 204
292 488
135 1016
24 805
151 108
963 355
976 665
492 389
865 592
606 287
460 356
884 603
629 608
550 55
985 14
636 433
981 75
927 84
551 696
1021 615
688 435
103 625
121 882
336 676
692 785
520 66
978 48
593 268
913 399
62 415
90 533
22 581
539 422
830 530
469 36
301 572
167 277
273 484
148 373
801 727
524 438
489 801
688 396
106 554
414 96
789 646
348 518
315 210
866 562
911 367
263 134
176 594
1000 478
865 665
660 763
475 573
745 401
564 927
483 554
350 735
82 112
59 783
410 27
352 116
820 976
465 981
344 544
569 365
518 872
134 280
358 526
625 362
69 253
172 59
284 138
618 607
502 445
144 496
825 269
230 801
23 96
455 122
1015 422
823 514
859 302
1017 147
736 410
231 134
162 286
371 90
732 782
153 400
861 131
736 274
41 611
585 215
655 824
130 865
4 418
188 436
728 732
889 169
85 965
534 584
762 547
255 234
952 404
502 5
973 922
610 762
654 564
1 83
931 81
745 665
918 156
117 8
108 207
564 199
729 346
356 719
896 604
53 856
432 790
396 657
46 379
151 721
153 735
793 45
501 886
32 341
521 123
838 764
504 1023
62 647
728 519
241 930
913 595
926 884
593 790
321 236
731 893
252 32
881 439
493 744
573 154
193 88
147 855
97 467
54 760
180 552
852 710
17 846
31 1013
335 868
186 207
173 95
711 159
865 647
320 791
596 128
623 243
646 80
663 972
812 146
39 750
348 940
527 707
337 593
1002 523
112 7
536 530
858 601
432 1012
390 164
226 403
798 423
866 35
770 890
1013 579
544 866
495 374
313 145
381 920
184 827
52 470
711 683
875 388
999 1003
519 440
476 506
579 212
435 1013
146 806
765 273
12 33
620 315
223 982
1017 895
933 392
509 233
284 997
323 852
270 505
1020 801
355 876
931 207
87 376
477 67
185 977
534 863
312 101
266 519
488 990
962 61
266 597
327 806
185 812
135 12
582 700
516 696
155 668
392 688
83 328
433 489
304 22
836 556
229 740
538 720
16 873
433 33
678 994
936 363
318 416
1002 894
415 176
374 111
747 957
461 235
415 33
844 237
309 151
209 967
319 291
200 223
998 470
220 440
53 544
196 328
113 899
49 901
42 174
850 369
169 428
794 211
542 520
245 841
278 298
726 366
773 831
506 980
107 435
726 763
374 155
10 505
30 91
869 797
880 541
689 331
725 38
40 280
491 931
991 612
749 8
361 219
792 753
285 152
735 577
223 609
678 975
252 139
212 197
838 935
214 381
767 137
400 21
717 590
258 340
979 401
643 79
523 493
874 289
609 649
171 178
448 969
676 335
988 604
92 113
82 155
132 361
287 469
286 944
923 868
332 418
515 852
613 191
773 949
99 76
477 878
641 883
151 563
752 933
347 830
211 184
236 780
91 84
428 964
121 974
49 650
372 648
711 656
591 439
95 448
175 495
12 819
50 956
232 822
69 992
506 690
878 1004
497 582
652 194
646 186
129 790
198 741
272 1004
766 960
147 317
36 61
363 526
112 662
693 662
18 645
59 482
525 428
383 821
388 502
789 834
613 161
405 902
224 491
23 453
362 437
840 453
490 1
344 830
418 981
870 935
62 464
524 320
296 1009
622 783
736 342
668 131
910 30
456 539
547 491
288 15
646 768
799 850
568 912
189 891
555 218
895 424
612 319
615 631
813 854
317 646
100 549
876 163
975 671
646 427
52 278
583 200
492 404
156 856
109 845
404 889
832 56
969 897
505 725
83 117
793 939
841 613
468 112
313 786
902 138
704 970
473 788
439 611
197 473
306 266
293 199
926 803
490 9
96 897
244 609
729 469
936 293
562 888
379 355
461 546
241 230
966 131
880 73
15 788
669 76
867 750
515 974
197 956
147 654
726 439
326 192
99 110
401 369
441 238
697 373
72 547
102 220
328 648
969 146
657 91
346 797
570 233
335 337
963 588
71 396
9 174
506 348
652 528
1022 349
881 205
564 424
499 604
405 506
688 512
416 976
169 433
324 209
287 435
275 278
114 842
58 526
709 986
92 94
904 809
210 735
334 242
47 386
996 49
594 386
297 594
896 214
662 19
797 888
717 772
227 258
397 924
623 353
67 152
61 7
683 502
154 683
733 594
782 680
419 315
178 309
192 975
352 436
810 402
845 163
988 1
370 129
787 776
892 196
168 156
1023 1023
917 867
42 395
783 356
442 659
62 616
68 31
930 911
339 530
918 968
45 903
982 108
779 197
275 741
208 746
10 123
321 953
476 165
471 141
591 731
153 800
255 279
661 177
626 882
104 327
43 44
268 477
761 806
1006 78
332 672
285 718
715 993
411 288
821 90
111 883
342 279
257 928
484 424
238 24
918 584
92 125
290 305
714 304
1015 582
483 258
137 813
441 327
415 930
788 437
844 11
284 397
932 908
514 748
771 304
739 243
482 592
329 891
914 904
939 93
697 90
36 320
827 650
222 612
295 1002
942 170
889 84
297 608
591 82
916 874
342 227
390 493
503 315
742 798
46 1004
681 59
559 725
459 367
580 979
183 96
982 655
39 826
840 477
646 207
137 364
288 303
668 422
656 242
727 232
608 304
463 613
230 851
1012 1005
46 88
1020 193
346 284
681 605
50 374
237 701
283 876
167 175
206 537
543 525
668 759
1006 447
695 15
722 214
89 884
985 1012
171 1005
886 87
111 137
323 673
851 830
212 454
842 662
564 348
248 438
822 896
200 94
245 801
241 608
168 732
224 102
890 258
79 150
524 453
461 597
838 254
581 477
206 794
78 992
1015 4
412 113
822 481
571 818
377 955
965 994
14 46
942 220
460 370
281 731
860 473
60 609
548 818
200 510
334 663
436 787
667 545
967 215
70 61
574 1012
581 12
587 30
234 648
460 94
35 662
489 363
591 412
590 56
190 389
895 694
686 708
517 614
217 893
874 293
193 660
1007 158
76 806
139 749
872 514
183 847
485 667
113 415
394 947
266 90
657 800
842 283
582 813
52 562
836 478
241 22
150 606
10 450
608 654
962 954
287 46
543 355
977 62
237 1022
368 579
162 67
302 641
471 549
665 921
994 794
491 190
78 931
376 400
343 279
790 230
856 778
700 1018
633 180
1003 579
592 710
917 198
823 39
415 773
347 533
217 141
863 852
27 844
797 150
40 667
115 116
672 416
632 603
187 137
844 825
163 598
652 825
652 387
973 245
826 972
828 227
32 421
995 108
221 59
1 472
913 1015
591 324
93 120
452 663
316 167
11 240
314 97
893 176
212 496
550 242
949 32
406 959
967 929
19 92
35 407
418 984
653 404
325 287
383 429
203 464
711 999
639 811
16 552
860 904
789 232
28 250
255 978
657 780
555 586
745 152
701 183
437 595
89 160
918 296
284 902
976 148
542 822
203 78
370 950
569 367
446 584
71 472
177 73
101 562
269 913
499 623
884 44
243 78
313 230
186 651
504 1001
442 170
598 661
486 797
883 828
878 21
293 855
946 532
704 882
844 225
654 843
295 823
696 483
44 565
104 398
249 640
703 993
944 212
762 501
874 449
211 556
859 86
696 514
324 576
900 618
935 265
348 901
866 835
369 95
564 129
862 433
705 52
513 709
95 236
992 129
375 567
363 28
35 114
858 744
395 400
1010 690
187 858
85 707
357 262
911 124
556 297
146 131
629 20
174 142
755 339
882 719
31 821
189 514
513 34
969 176
1000 245
91 496
805 359
59 535
369 705
136 678
992 866
385 513
835 919
285 418
128 620
272 246
743 647
434 868
532 309
420 662
643 810
660 395
783 556
344 227
334 264
994 445
362 178
247 744
939 857
585 288
615 181
501 40
546 291
702 184
494 80
84 809
613 182
572 712
349 752
873 417
23 966
763 68
520 376
585 926
822 321
473 225
263 941
738 253
534 636
240 413
529 864
316 863
77 627
509 260
408 870
715 825
867 758
429 28
870 547
490 710
548 536
71 350
885 28
660 159
567 662
686 137
722 877
559 11
991 29
142 53
339 150
225 58
77 677
732 879
763 282
25 562
382 689
563 609
147 845
661 861
269 876
632 229
900 845
259 790
717 287
88 319
11 908
363 2
658 419
957 265
689 677
903 375
1005 523
545 316
527 809
192 60
562 618
185 683
1 742
1006 278
157 818
502 387
745 717
538 663
580 286
912 775
487 256
447 244
718 958
645 962
843 143
582 287
678 279
28 548
647 697
977 879
755 44
543 702
300 628
515 765
608 709
16 493
219 996
364 746
74 538
479 321
991 749
538 993
42 932
806 809
65 783
361 285
451 881
893 623
642 994
870 359
729 747
417 921
865 506
198 521
1 772
35 507
878 316
535 502
519 85
901 416
381 460
958 905
192 536
546 844
351 546
713 610
472 810
623 965
462 380
854 444
853 966
100 535
251 52
322 758
845 423
362 916
481 900
494 932
961 185
889 252
646 714
911 803
843 720
394 1023
221 746
811 462
530 884
951 225
336 903
299 599
506 284
519 79
18 378
242 566
521 398
194 334
217 541
949 834
2 670
953 176
384 392
883 830
724 804
245 251
281 765
170 169
112 474
740 123
619 322
896 877
426 920
521 66
369 1
229 597
407 139
743 242
450 685
798 340
102 1000
937 745
994 368
984 257
185 209
825 432
955 116
776 312
951 912
316 690
61 913
291 588
284 573
451 614
930 831
627 124
10 239
448 779
289 597
649 427
710 56
581 87
234 495
191 706
103 914
534 945
300 901
494 391
630 523
428 736
573 555
363 113
42 298
571 77
788 846
762 442
593 562
227 352
467 493
49 16
782 751
708 801
198 543
177 252
125 325
644 649
785 44
639 682
280 406
707 703
915 453
50 1012
171 95
372 473
458 227
464 862
174 323
204 555
59 704
280 990
842 752
307 696
243 531
765 600
446 730
231 417
70 878
865 258
501 713
645 853
535 534
83 557
141 142
328 562
129 872
358 312
804 966
853 814
918 159
426 617
406 310
298 88
599 580
331 100
840 1006
682 108
471 323
569 797
880 978
146 70
323 345
787 267
193 887
635 896
91 774
86 170
145 947
375 920
656 901
209 210
999 770
894 861
867 719
971 517
47 41
443 438
727 274
303 249
537 282
823 7
755 735
499 857
903 224
773 805
306 645
436 708
1017 693
231 866
680 319
948 564
638 247
883 806
848 787
159 1007
447 152
8 801
88 947
655 168
191 441
632 576
421 666
266 687
273 144
906 47
183 133
453 880
281 146
441 106
854 945
793 728
868 602
112 805
334 263
41 540
102 95
584 587
619 544
408 981
391 738
792 982
410 705
38 911
775 803
786 966
546 555
532 565
325 952
1004 27
707 979
994 673
643 761
759 761
935 477
912 629
969 197
248 498
975 344
429 473
213 657
355 1006
717 363
527 299
539 780
844 703
471 565
308 568
966 799
61 602
862 1011
901 1000
281 514
370 904
335 659
767 276
398 754
103 737
362 752
371 320
568 371
630 70
170 72
912 642
193 43
796 451
274 652
883 314
789 441
881 575
148 1012
23 1021
186 844
954 128
665 169
241 465
790 235
81 292
893 805
346 173
127 444
312 982
633 845
90 55
896 253
669 604
449 6
951 471
134 881
6 667
832 519
996 318
496 758
515 816
892 719
290 17
74 716
506 360
479 181
515 258
431 874
948 566
688 664
19 695
551 203
694 94
727 332
365 714
120 60
493 688
716 923
80 841
976 473
849 151
25 683
420 35
620 891
341 822
57 203
30 957
292 26
179 784
296 508
366 137
243 760
304 712
994 314
669 606
516 444
754 865
322 819
66 943
815 984
831 974
239 625
316 574
975 918
107 602
474 171
26 753
951 384
873 470
1009 335
884 118
690 980
603 261
228 836
677 843
161 745
665 435
71 816
936 125
882 268
423 473
819 603
14 859
309 359
14 383
375 698
485 924
484 623
140 106
784 272
985 498
867 150
955 300
857 883
771 972
736 112
861 815
187 700
712 231
441 70
788 880
468 277
345 823
661 618
818 1003
945 968
350 807
793 986
87 764
62 479
398 862
728 20
365 630
982 9
818 266
669 366
202 689
23 773
653 290
76 563
87 194
228 1013
510 1020
194 406
526 80
124 938
892 340
1000 246
367 391
355 573
123 1005
71 192
626 1006
19 945
159 45
42 491
1012 525
251 572
783 589
399 671
358 811
642 378
693 169
458 551
495 142
377 428
690 143
23 321
971 1016
399 328
154 212
208 25
821 978
936 226
692 872
842 968
455 254
424 27
243 582
349 465
302 559
113 595
489 392
290 189
325 881
162 292
972 198
671 178
138 683
436 351
458 122
988 553
346 586
949 889
523 417
593 171
832 415
461 228
420 957
407 953
568 38
902 822
1007 331
504 728
918 107
117 183
553 919
647 116
581 63
182 978
151 323
57 853
54 876
836 896
903 102
163 210
747 758
969 192
976 636
848 249
402 749
772 173
297 823
832 454
24 535
366 413
5 656
458 192
197 683
964 251
988 172
365 879
210 623
158 53
727 372
916 482
450 684
917 737
322 483
433 233
135 671
562 790
143 546
761 186
622 579
530 4
507 765
900 764
639 610
415 811
304 380
288 322
935 798
403 305
712 441
841 313
950 755
932 690
633 809
135 918
220 185
123 636
875 572
678 451
962 909
418 675
621 5
969 350
841 387
464 374
906 448
858 59
11 445
391 346
370 357
184 418
329 426
557 200
325 409
506 191
356 615
95 109
53 194
761 128
347 579
638 61
24 551
912 274
673 951
358 944
217 373
534 157
645 111
29 146
212 455
59 741
696 508
945 82
619 906
624 993
276 313
155 907
414 908
427 274
9 677
742 581
964 539
914 514
733 174
1023 1023
560 244
670 727
30 608
860 480
999 456
23 132
513 1018
463 282
169 91
7 1
574 65
313 271
778 241
19 440
64 838
482 452
932 945
706 844
196 659
992 927
1015 841
847 352
860 330
545 322
1005 172
818 791
698 857
215 894
700 496
716 333
405 757
52 875
744 979
935 511
669 494
27 367
12 999
128 303
560 926
993 36
104 244
73 919
918 883
72 480
670 87
460 683
752 29
336 779
814 243
431 1023
1015 283
979 387
622 282
474 874
636 14
870 136
251 713
285 883
742 601
5 518
863 397
269 890
261 60
243 457
318 638
459 703
996 279
572 629
612 348
242 911
685 188
541 767
383 957
485 947
626 673
263 168
419 914
956 494
927 350
485 512
51 324
289 521
955 331
331 842
828 414
654 29
873 354
663 185
313 888
598 1004
345 29
557 146
113 808
832 902
236 761
560 43
560 662
1005 359
315 752
676 171
586 940
900 535
486 663
5 793
584 336
329 441
456 806
860 236
390 767
849 917
581 1
527 979
202 472
229 585
119 147
884 189
916 483
426 840
450 792
692 991
431 331
982 528
822 425
753 588
284 226
82 882
81 663
193 137
455 946
946 499
590 529
506 689
767 557
839 248
20 395
342 77
538 177
519 987
942 267
512 294
569 110
243 984
432 647
263 666
769 196
448 279
56 248
868 241
438 870
941 321
615 307
435 14
858 164
635 932
306 959
282 992
878 339
644 602
402 401
724 481
444 247
793 732
586 20
263 341
557 308
522 165
776 501
42 498
988 346
481 445
762 949
181 868
893 349
408 852
665 999
327 168
694 520
586 846
75 644
783 375
165 983
903 608
78 217
271 901
710 276
847 141
521 334
587 389
186 104
574 1009
868 991
430 933
28 914
900 30
858 972
776 65
977 282
419 553
774 1013
777 957
384 763
669 549
363 469
568 362
593 144
80 722
54 334
65 359
810 277
454 743
397 186
224 949
190 973
767 292
1017 373
7 136
9 214
77 50
99 678
918 190
585 981
875 776
401 46
650 455
344 756
363 504
298 577
611 874
153 402
794 771
419 488
874 707
168 894
10 249
739 795
652 675
492 357
833 228
209 536
492 543
555 1003
122 427
576 345
46 778
388 727
853 178
605 636
640 787
472 729
114 123
757 95
181 210
391 134
55 897
514 502
92 192
344 803
583 920
713 896
685 610
734 235
1008 100
726 718
220 298
42 476
304 801
126 112
40 344
250 423
636 784
20 427
708 44
508 452
187 370
630 762
31 363
949 468
228 975
460 1022
183 742
890 936
512 215
570 876
321 219
949 170
55 760
927 405
60 585
803 176
763 98
511 509
203 285
379 756
199 902
8 848
642 128
630 261
107 689
970 729
951 1014
553 201
397 214
883 956
248 719
15 759
95 542
936 324
792 177
299 265
836 798
953 169
255 432
786 153
932 497
231 383
252 157
183 308
961 429
166 978
953 246
200 745
720 545
669 1015
564 748
386 898
383 514
608 430
541 710
887 332
382 141
143 265
64 116
593 251
273 251
22 541
231 187
24 960
812 549
261 614
981 743
818 904
59 772
273 535
743 16
879 437
165 994
629 171
707 689
527 120
513 433
690 344
739 625
831 466
221 371
333 400
932 112
250 994
366 244
318 592
735 407
595 120
182 811
56 518
364 561
868 494
752 695
801 97
73 888
845 322
914 976
321 962
718 400
586 603
905 678
226 892
760 755
366 404
29 874
414 159
339 110
307 635
305 697
780 855
171 603
871 224
418 79
596 776
751 529
74 867
281 209
989 687
649 676
470 881
600 937
741 347
578 803
551 73
138 694
340 429
579 839
265 871
1001 961
72 147
495 69
737 111
265 874
647 795
856 151
585 987
592 661
778 251
230 557
388 112
172 172
795 113
310 621
495 51
114 703
688 249
128 259
401 438
905 990
780 882
320 868
175 306
785 916
21 618
913 28
867 629
477 1018
360 459
354 976
802 839
1010 19
56 89
879 938
476 708
911 823
39 911
402 4
447 804
458 706
422 867
318 139
172 958
866 640
865 991
573 812
533 285
335 365
185 384
910 938
989 1004
555 367
889 1007
998 957
98 295
194 705
937 154
1020 928
610 757
689 352
561 16
925 970
722 443
641 645
546 563
636 637
182 153
411 572
1003 232
336 492
957 555
131 24
248 185
588 570
610 155
250 961
180 747
906 30
549 208
103 765
418 544
573 613
80 664
402 106
917 137
525 20
684 621
571 818
307 680
604 506
13 358
874 271
466 570
793 8
398 634
470 81
666 136
858 287
516 686
606 176
484 696
360 642
684 599
170 803
160 479
171 473
449 756
469 392
434 90
76 136
284 775
740 779
730 193
123 454
526 584
769 774
865 35
654 474
157 718
769 613
775 109
109 290
638 447
224 300
705 805
576 798
163 948
413 955
587 324
222 350
613 991
794 145
806 692
13 621
836 600
527 465
771 637
242 384
853 735
344 824
309 967
821 436
495 703
931 793
350 415
484 271
397 422
726 28
394 810
668 913
786 1008
768 85
278 580
214 101
352 588
112 431
407 548
534 30
871 209
620 222
600 811
754 687
304 771
74 311
198 1009
648 353
955 112
1001 956
813 704
709 143
25 503
59 651
441 937
256 978
386 273
790 671
495 925
648 277
296 280
85 227
1001 736
927 164
291 122
577 199
798 558
291 416
718 180
734 116
353 768
284 671
503 586
347 437
569 253
43 83
333 607
902 463
340 167
958 419
512 238
198 811
129 828
881 223
314 681
517 942
522 160
16 862
810 919
466 782
313 968
300 803
217 479
618 811
878 720
317 449
813 246
789 986
596 595
652 621
253 507
58 989
313 76
475 309
131 723
793 518
550 80
959 53
149 758
75 604
128 710
487 712
804 82
568 657
588 626
206 1009
734 302
280 918
989 811
978 489
33 693
786 362
23 869
808 526
427 306
542 722
518 735
623 837
615 26
681 1018
746 168
298 854
4 358
248 96
195 592
467 593
270 779
184 645
905 839
534 719
174 325
780 790
36 847
783 531
477 258
914 552
554 582
274 637
453 354
84 717
679 774
19 201
974 874
975 201
791 878
401 378
550 312
884 614
930 202
937 373
431 271
785 434
970 150
459 949
856 493
516 464
67 889
678 233
677 725
262 922
89 175
758 1013
653 986
371 715
418 579
405 377
700 213
339 575
103 925
453 934
456 982
687 384
735 718
376 232
780 804
958 205
867 259
92 920
813 639
79 932
385 564
902 19
268 640
220 661
239 481
906 978
93 381
615 863
860 464
764 910
620 733
315 67
831 369
726 896
821 711
80 762
261 707
171 440
809 998
860 690
327 458
33 449
300 933
35 525
31 194
546 487
611 463
742 458
544 224
433 658
837 222
806 767
846 157
149 642
400 499
942 56
961 40
631 602
338 139
55 145
500 678
864 605
127 311
590 970
333 549
170 994
703 102
146 175
1015 749
974 42
405 622
20 938
102 524
86 63
867 287
532 248
816 447
64 804
487 479
53 303
195 107
960 914
351 559
458 772
187 802
650 709
17 338
673 108
199 717
987 522
180 441
133 495
669 219
56 781
680 308
586 586
650 558
543 451
222 322
828 785
545 11
834 402
980 259
459 303
483 466
763 103
950 34
965 998
955 327
452 322
528 220
81 273
801 862
629 616
123 342
872 666
554 401
288 771
644 900
916 264
873 490
891 29
410 443
815 368
185 390
218 339
888 204
75 469
818 818
761 333
798 694
323 467
995 898
265 693
777 937
445 594
697 322
940 669
1015 617
810 807
584 934
500 22
489 285
346 317
972 217
382 306
124 451
252 678
646 290
67 540
739 1002
538 756
892 385
684 25
864 567
399 864
724 768
689 1003
692 200
950 218
66 884
737 724
437 925
198 958
375 911
358 242
874 580
739 526
596 647
396 335
869 666
974 794
1005 693
553 911
572 439
449 446
395 307
761 414
446 918
998 750
28 818
902 372
70 190
763 717
438 836
907 127
562 953
164 880
451 174
473 882
557 640
731 160
815 848
666 864
595 697
963 625
480 330
438 628
715 764
351 163
671 387
649 179
434 29
566 465
1009 128
984 123
70 732
45 813
794 370
271 107
410 280
415 852
154 119
153 305
470 302
739 261
850 429
405 418
385 682
420 102
394 116
347 942
157 541
103 73
990 570
955 527
758 119
830 663
756 605
963 571
945 927
661 786
469 681
926 206
492 912
318 195
457 517
248 118
976 861
488 60
15 1010
1013 237
573 846
669 483
889 463
137 536
301 254
96 978
750 390
418 840
245 53
578 843
203 90
662 688
884 675
168 99
33 128
131 378
168 665
936 555
107 699
135 999
793 136
406 305
922 921
302 770
595 683
733 526
746 655
393 622
948 864
803 551
147 380
483 128
553 931
422 915
395 138
199 387
835 912
768 114
989 428
225 612
913 720
491 755
950 274
575 454
346 919
392 756
774 974
926 243
660 432
759 393
364 937
550 26
442 1022
364 517
193 914
822 841
900 643
456 11
145 449
128 855
698 307
210 671
861 199
249 654
970 450
845 691
897 244
1016 49
984 223
985 928
748 971
235 1019
441 1007
715 921
248 185
940 147
615 669
634 299
147 494
341 204
74 789
322 434
465 942
797 768
398 641
504 422
952 600
724 390
1012 688
726 1006
654 263
1023 1022
2 512
2 1
2 1
2 1
2 512
2 1
2 512
2 512
2 512
2 1
2 1
1 64
2 512
2 512
1 64
2 1
1 64
2 1
2 1
2 512
2 1
2 1
1 64
1 64
2 512
2 512
1 64
2 1
1 64
2 1
2 512
2 1
2 1
2 1
1 64
2 1
2 1
2 512
2 1
1 64
1 64
2 1
1 64
2 1
1 64
2 512
2 1
1 64
2 512
2 1
2 1
2 1
2 512
1 64
2 512
2 512
2 1
2 512
2 512
2 512
2 512
2 512
2 512
2 1
2 512
2 512
2 512
1 64
2 1
2 512
2 1
2 512
2 1
2 512
1 64
2 512
2 512
1 64
1 64
2 1
2 512
2 512
2 1
2 512
1 64
1 64
1 64
2 1
1 64
2 1
2 1
2 512
2 512
1 64
2 512
2 512
2 512
2 512
1 64
2 512
1 64
1 64
2 512
2 512
2 1
1 64
2 512
2 512
2 512
2 1
2 512
1 64
2 1
2 512
2 512
2 512
1 64
2 1
2 512
2 512
2 1
2 1
2 512
2 512
2 512
2 1
2 512
1 64
2 1
2 512
2 1
2 512
2 1
2 512
1 64
2 1
2 512
1 64
1 64
2 1
1 64
1 64
2 512
2 512
1 64
1 64
2 1
2 512
1 64
2 1
1 64
1 64
2 512
2 1
2 512
2 512
2 512
2 512
2 1
1 64
2 512
1 64
2 1
1 64
2 512
1 64
2 512
2 512
2 1
2 1
2 512
2 1
2 1
2 512
1 64
2 1
1 64
2 1
2 512
2 512
2 512
1 64
2 512
2 1
2 1
2 1
2 512
2 512
2 1
1 64
2 512
1 64
2 1
2 512
2 1
2 512
1 64
1 64
2 1
1 64
2 512
2 512
2 512
2 1
1 64
1 64
2 512
1 64
2 512
2 512
2 512
2 512
1 64
2 512
2 1
2 1
2 512
2 512
1 64
2 1
2 1
1 64
2 512
2 1
1 64
1 64
2 512
2 512
2 1
1 64
2 1
2 512
1 64
2 1
2 1
1 64
2 1
2 512
2 512
2 512
2 512
2 512
2 1
2 512
2 512
2 1
1 64
1 64
2 512
1 64
2 512
2 512
2 1
2 512
2 512
2 1
2 1
2 1
2 1
2 1
2 1
2 512
2 1
2 1
2 1
1 64
2 1
2 1
1 64
2 512
2 512
2 512
2 1
2 1
1 64
1 64
2 1
1 64
2 512
2 512
2 1
2 1
2 512
1 64
1 64
1 64
2 1
2 1
1 64
2 512
1 64
1 64
1 64
2 1
2 1
2 1
1 64
2 512
2 1
2 1
2 512
2 1
2 512
2 512
2 1
2 1
1 64
1 64
1 64
2 512
1 64
2 1
1 64
2 512
1 64
1 64
2 512
1 64
2 512
2 512
2 1
2 512
2 1
1 64
1 64
2 1
2 1
1 64
2 1
2 512
1 64
2 1
2 512
1 64
1 64
2 1
2 1
1 64
2 512
1 64
1 64
1 64
2 512
2 512
2 512
1 64
2 512
1 64
1 64
2 1
1 64
2 1
2 1
2 1
2 1
1 64
2 512
2 512
2 512
2 1
1 64
2 1
2 1
1 64
1 64
2 512
1 64
1 64
1 64
1 64
1 64
2 1
2 1
1 64
2 512
2 1
1 64
1 64
2 512
2 512
2 1
2 512
2 1
1 64
1 64
2 512
1 64
2 1
2 512
2 512
2 512
1 64
2 512
2 1
1 64
2 1
2 1
1 64
2 1
2 1
2 1
1 64
2 1
2 1
2 1
2 1
1 64
2 1
1 64
2 1
2 512
2 1
2 512
2 512
2 512
1 64
2 512
1 64
2 512
2 1
1 64
2 512
2 512
1 64
1 64
2 512
2 512
2 1
1 64
2 512
2 512
1 64
2 1
1 64
2 512
2 512
2 512
2 512
2 1
2 1
1 64
1 64
1 64
2 1
2 1
2 512
2 1
2 1
2 512
1 64
2 512
2 512
1 64
2 512
2 512
1 64
2 512
2 1
2 1
2 1
2 1
2 1
1 64
2 512
1 64
2 512
2 1
2 512
2 1
2 1
2 512
1 64
1 64
2 1
2 512
2 512
1 64
2 512
2 1
2 512
1 64
1 64
2 1
1 64
2 512
1 64
1 64
2 1
2 512
2 512
2 512
2 512
2 1
2 1
1 64
2 1
2 1
1 64
1 64
2 512
2 512
2 512
1 64
1 64
2 1
2 512
2 1
1 64
2 512
2 1
2 512
2 1
2 512
2 512
2 1
2 512
1 64
2 1
2 1
1 64
1 64
2 1
1 64
1 64
2 512
2 512
1 64
2 512
2 1
2 512
2 512
2 1
2 1
2 512
2 512
2 512
2 512
1 64
2 512
1 64
1 64
1 64
2 512
2 1
2 1
2 1
1 64
2 512
1 64
2 512
2 512
2 512
2 1
2 512
2 1
2 512
1 64
2 1
2 512
2 1
2 512
2 512
2 1
2 512
1 64
1 64
2 512
2 512
2 512
2 1
1 64
2 512
2 512
2 512
2 512
1 64
2 512
2 512
2 1
1 64
2 1
2 1
2 1
2 1
2 512
1 64
2 512
1 64
2 1
2 1
1 64
2 1
2 1
2 512
2 512
1 64
1 64
2 512
2 1
2 512
2 1
2 512
2 512
2 512
1 64
2 512
1 64
1 64
2 1
2 1
2 1
1 64
2 1
1 64
2 1
2 512
1 64
1 64
1 64
2 1
2 512
1 64
2 1
2 1
2 512
2 512
2 512
1 64
2 512
2 512
2 1
1 64
1 64
1 64
1 64
2 512
1 64
2 1
2 512
2 512
2 1
2 512
1 64
2 512
1 64
1 64
2 1
1 64
2 512
2 1
2 512
2 512
2 512
2 1
1 64
2 1
2 512
2 512
1 64
2 512
2 512
2 1
2 512
1 64
2 512
2 1
2 1
1 64
2 1
1 64
2 1
2 1
2 512
2 512
2 512
2 512
1 64
1 64
2 512
2 1
2 512
2 512
2 512
2 512
1 64
2 1
2 512
1 64
2 1
1 64
1 64
1 64
2 1
1 64
2 512
2 1
2 1
1 64
2 512
2 512
2 512
2 1
2 1
2 1
2 1
2 1
2 1
2 1
2 512
2 1
2 512
2 1
1 64
1 64
2 1
2 512
1 64
2 1
1 64
1 64
2 1
1 64
1 64
2 512
2 1
2 1
2 512
2 1
2 512
2 512
1 64
2 512
1 64
1 64
1 64
2 1
2 512
2 512
2 512
2 512
1 64
2 1
2 512
2 1
1 64
2 512
1 64
1 64
2 512
1 64
1 64
2 1
1 64
1 64
1 64
1 64
1 64
1 64
1 64
2 1
2 1
2 1
1 64
1 64
1 64
2 1
1 64
2 512
2 1
2 512
1 64
2 1
2 512
1 64
1 64
2 1
1 64
2 1
1 64
2 512
2 512
1 64
2 1
1 64
2 512
1 64
1 64
2 1
2 1
2 512
2 512
1 64
2 1
1 64
1 64
1 64
2 1
1 64
2 512
2 1
2 512
2 512
2 1
2 512
1 64
2 512
1 64
2 512
1 64
2 512
2 512
2 1
2 512
2 1
2 512
1 64
2 1
1 64
2 1
2 1
1 64
1 64
1 64
1 64
1 64
1 64
2 512
2 1
2 512
2 512
2 1
1 64
2 1
1 64
1 64
1 64
2 1
2 1
1 64
2 1
1 64
1 64
2 1
1 64
2 512
2 512
1 64
1 64
2 512
1 64
1 64
1 64
1 64
2 1
2 512
1 64
2 1
2 512
2 1
1 64
2 512
2 512
2 1
2 1
2 512
2 512
2 512
2 512
1 64
2 1
1 64
1 64
2 1
2 1
2 1
1 64
2 512
2 512
1 64
2 1
2 1
2 512
2 512
2 1
2 1
2 1
2 512
2 512
2 1
2 512
2 512
1 64
1 64
1 64
2 1
1 64
2 512
1 64
2 1
1 64
2 512
2 1
2 512
2 512
2 512
2 512
2 1
1 64
2 1
2 512
2 1
2 512
2 512
2 512
2 1
2 1
1 64
1 64
2 1
2 1
2 1
2 1
1 64
2 512
1 64
1 64
2 1
1 64
2 512
2 1
1 64
1 64
1 64
2 512
2 512
1 64
1 64
2 1
2 512
1 64
1 64
2 1
1 64
2 1
2 512
2 1
2 512
1 64
1 64
2 512
1 64
1 64
1 64
1 64
1 64
1 64
2 512
2 512
2 1
2 1
2 512
1 64
2 1
2 512
2 1
1 64
1 64
2 512
1 64
1 64
1 64
1 64
1 64
2 1
2 1
1 64
2 1
2 1
2 1
2 512
2 1
1 64
2 512
2 512
1 64
1 64
1 64
2 512
2 512
2 512
2 512
2 1
2 1
1 64
1 64
2 1
2 1
1 64
1 64
2 1
2 1
1 64
2 1
1 64
2 512
1 64
2 1
1 64
1 64
2 1
1 64
2 512
2 1
2 512
1 64
2 1
2 512
2 1
2 512
2 1
1 64
1 64
2 1
